Newton Angles
4.045528455823977607e-05
1.381836896962088246e-06
2.763672964992533808e-06
4.145508959359709003e-06
5.527344543633588172e-06
6.909181037969050150e-06
8.291016510495574277e-06
9.672852346934700748e-06
1.105468808568814660e-05
1.243652383244622152e-05
1.381835842558050638e-05
1.520019231854610675e-05
1.658202515116537904e-05
1.796385738783766537e-05
1.934568945247684861e-05
-1.972776314494215682e-05
-1.834593060361607684e-05
-1.696409665287364763e-05
-1.558226248685353599e-05
-1.420042837538634077e-05
-1.281859257268008797e-05
-1.143675804399394814e-05
-1.005492427101320071e-05
-8.673089593960815586e-06
-7.291254593343704692e-06
-5.909420750460858563e-06
-4.527586351693140405e-06
-3.145752734296691798e-06
-1.763919283991379989e-06
-3.820862212798314742e-07
9.997462626248409934e-07
2.381580443660189854e-06
3.763414064142165189e-06
5.145246824560157194e-06
6.527079039733867261e-06
7.908910648122079761e-06
9.290742542435924018e-06
1.067257332362575576e-05
1.205440506356862973e-05
1.343623702858559311e-05
1.481806855333403106e-05
1.619989810063756169e-05
1.758172708911256058e-05
1.896355591481105264e-05
-2.010989770357896330e-05
-1.872806614287701420e-05
-1.734623486664062128e-05
-1.596440447170750185e-05
-1.458257332142661581e-05
-1.320074311096491239e-05
-1.181891263565204578e-05
-1.043708256469024318e-05
-9.055254816836275561e-06
-7.673427391277502422e-06
-6.291601244275533779e-06
-4.909774072474528985e-06
-3.527946763875465348e-06
-2.146118478908040483e-06
-7.642886374530821610e-07
6.175417857237653801e-07
1.999369991693218920e-06
3.381197316906876593e-06
4.763023141084341561e-06
6.144849417862675130e-06
7.526675482819405352e-06
8.908501346178642567e-06
1.029032649559073565e-05
1.167215176639699542e-05
1.305397945640643255e-05
1.443580650429527125e-05
1.581763475777345093e-05
1.719946469631855054e-05
1.858129493741635146e-05
1.996312460086883622e-05
-1.911033002014167882e-05
-1.772849890021161297e-05
-1.634666721417168129e-05
-1.496483564215424615e-05
-1.358300591949005027e-05
-1.220117760213728882e-05
-1.081934946523476289e-05
-9.437519769806288004e-06
-8.055690111300621342e-06
-6.673861699360883300e-06
-5.292033162023599313e-06
-3.910203928049450752e-06
-2.528375784112449175e-06
-1.146547425170182402e-06
2.352802466763276897e-07
1.617107060252142156e-06
2.998932442854745968e-06
4.380757520237129108e-06
5.762583579599987677e-06
7.144408596794268721e-06
8.526233828664289075e-06
9.908058060055185851e-06
1.128987971514074162e-05
1.267170062660242560e-05
1.405352151795275898e-05
1.543534287162451530e-05
1.681716537707742451e-05
1.819898700084168395e-05
1.958080906533629490e-05
-1.949265376413821221e-05
-1.811083241896418010e-05
-1.672900996585001946e-05
-1.534718857805056200e-05
-1.396536683969958721e-05
-1.258354539239351563e-05
-1.120172392433656664e-05
-9.819902774432949771e-06
-8.438080511287869096e-06
-7.056260242806261950e-06
-5.674441104635830645e-06
-4.292620319264341095e-06
-2.910801300011069234e-06
-1.528982725236344436e-06
-1.471654827016526419e-07
1.234651987290214679e-06
2.616468311148161511e-06
3.998284984314165433e-06
5.380101022907711909e-06
6.761916675444424673e-06
8.143731632881292919e-06
9.525547165245315558e-06
1.090736422557737079e-05
1.228918160093164494e-05
1.367099755010619830e-05
1.505281359267466373e-05
1.643462891768819047e-05
1.781644468116743129e-05
1.919825919805595083e-05
-1.987521367788923070e-05
-1.849340064863668720e-05
-1.711158762091404784e-05
-1.572977440044411805e-05
-1.434796066810177836e-05
-1.296614754641694068e-05
-1.158433709110188808e-05
-1.020252805250152381e-05
-8.820719444519601254e-06
-7.438912758933333697e-06
-6.057105204967345321e-06
-4.675297472004929822e-06
-3.293489548986414430e-06
-1.911680944174492347e-06
-5.298716952577829635e-07
8.519355069802202962e-07
2.233743806314068996e-06
3.615551027237761373e-06
4.997357317613168704e-06
6.379164001411132021e-06
7.760969041264672948e-06
9.142773945044255546e-06
1.052457861010066999e-05
1.190638488677028463e-05
1.328819099076228881e-05
1.466999723110444759e-05
1.605180340325077930e-05
1.743361010779147750e-05
1.881541712678507330e-05
-2.025806182806558754e-05
-1.887625737250077346e-05
-1.749445253865767911e-05
-1.611264654215796419e-05
-1.473083945921273206e-05
-1.334903223002104605e-05
-1.196722483500421054e-05
-1.058541755990886314e-05
-9.203611618456972439e-06
-7.821806775647734486e-06
-6.440001841591904476e-06
-5.058196566987404678e-06
-3.676392958204578511e-06
-2.294589917377084852e-06
-9.127866777527191365e-07
4.690180909353549325e-07
1.850824067325431205e-06
3.232629098166900715e-06
4.614433110247060307e-06
5.996236733828847599e-06
7.378039186024414006e-06
8.759839746712708286e-06
1.014164054578412850e-05
1.152343987414693658e-05
1.290523989914448573e-05
1.428703998240703760e-05
1.566884007365690858e-05
1.705063939658987124e-05
1.843244039843477028e-05
1.981424152295574245e-05
-1.925924113328534275e-05
-1.787744020211325769e-05
-1.649563877510106525e-05
-1.511383838208925243e-05
-1.373204002070444585e-05
-1.235024069544401791e-05
-1.096844022783568886e-05
-9.586639215228934680e-06
-8.204837861373917405e-06
-6.823036424280836879e-06
-5.441234867351470445e-06
-4.059433506697295138e-06
-2.677631426121155212e-06
-1.295829876996648510e-06
8.597138502102881349e-08
1.467772094319026641e-06
2.849572235171205661e-06
4.231371216245408773e-06
5.613171329778017093e-06
6.994973007985410990e-06
8.376774748416065421e-06
9.758577551342302565e-06
1.114038098551297929e-05
1.252218399738547327e-05
1.390398567177973660e-05
1.528578694017083712e-05
1.666758994568245925e-05
1.804939304831761334e-05
1.943119712281982447e-05
-1.964228379982956645e-05
-1.826047940300243167e-05
-1.687867476216136105e-05
-1.549687015068292471e-05
-1.411506615477453075e-05
-1.273326115193454323e-05
-1.135146030814886020e-05
-9.969660613080113837e-06
-8.587860539520444654e-06
-7.206060306685396329e-06
-5.824260715561498335e-06
-4.442458926716049154e-06
-3.060657622243358907e-06
-1.678857314770909763e-06
-2.970578307204430305e-07
1.084741196940241626e-06
2.466540182593215165e-06
3.848339045338779441e-06
5.230136861303182634e-06
6.611934212215462497e-06
7.993732052980994621e-06
9.375531515765881614e-06
1.075733216894435716e-05
1.213913192000848824e-05
1.352093080579393187e-05
1.490272884695607942e-05
1.628452695494113391e-05
1.766632527248325764e-05
1.904812392818917399e-05
-2.002536337156842259e-05
-1.864356664824907918e-05
-1.726176832561135432e-05
-1.587996964739772952e-05
-1.449817131358159905e-05
-1.311637192357338139e-05
-1.173457491763262331e-05
-1.035277960114585338e-05
-8.970983486593625867e-06
-7.589187030703681804e-06
-6.207389276973254958e-06
-4.825591860295680274e-06
-3.443794392303590107e-06
-2.061996209152634941e-06
-6.801983175382603202e-07
7.015991626622696638e-07
2.083396549286750626e-06
3.465192624262187837e-06
4.846989228300212007e-06
6.228787361949557579e-06
7.610585947572329554e-06
8.992384134661867223e-06
1.037418095449112990e-05
1.175597793999116184e-05
1.313777632898803632e-05
1.451957618915600970e-05
1.590137701023669166e-05
1.728317878002506928e-05
1.866498091986822650e-05
-2.040850268599752511e-05
-1.902670189354621456e-05
-1.764490072158356060e-05
-1.626309965634320569e-05
-1.488129881766398445e-05
-1.349949889310117152e-05
-1.211769917863244840e-05
-1.073589947193473757e-05
-9.354099582456151286e-06
-7.972301575866327710e-06
-6.590503814726390374e-06
-5.208705841651304922e-06
-3.826907990955200876e-06
-2.445111079589876450e-06
-1.063315170836564067e-06
3.184799109421540803e-07
1.700274073803742704e-06
3.082067637154418256e-06
4.463861127553001410e-06
5.845654619525095647e-06
7.227449431643524696e-06
8.609243653144588041e-06
9.991037838725477758e-06
1.137283062304617473e-05
1.275462368738489843e-05
1.413641663897297434e-05
1.551820841946084783e-05
1.690000009015804204e-05
1.828179228691401991e-05
1.966358491676269048e-05
-1.940990788062287676e-05
-1.802811574019978389e-05
-1.664632540277723977e-05
-1.526453537431308023e-05
-1.388274616366857574e-05
-1.250095726010938139e-05
-1.111916754211771681e-05
-9.737378387248029661e-06
-8.355588914917425948e-06
-6.973800065492474023e-06
-5.592011377131876329e-06
-4.210223039970478870e-06
-2.828434859608654397e-06
-1.446646060705259168e-06
-6.485816288256545282e-08
1.316930629922589219e-06
2.698717437660431730e-06
4.080504254233169235e-06
5.462290055558748055e-06
6.844077018695558575e-06
8.225863842879816730e-06
9.607650782897988662e-06
1.098943788350267220e-05
1.237122421820277524e-05
1.375301116289125645e-05
1.513479762565320861e-05
1.651658378518307296e-05
1.789837230842937323e-05
1.928016218118194141e-05
-1.979333296947034335e-05
-1.841154446262825573e-05
-1.702975582709866827e-05
-1.564796649857256479e-05
-1.426617794101497577e-05
-1.288438935627731920e-05
-1.150260107923570724e-05
-1.012081212261747460e-05
-8.739021740079028363e-06
-7.357231506172918588e-06
-5.975441927578895078e-06
-4.593651665797361302e-06
-3.211859894757867591e-06
-1.830068917885660473e-06
-4.482786871024835119e-07
9.335102385986982552e-07
2.315298449231515146e-06
3.697087193679586560e-06
5.078875975277806873e-06
6.460664401346198214e-06
7.842453953998911907e-06
9.224243321975790049e-06
1.060603233198467097e-05
1.198782169938398276e-05
1.336961041451440115e-05
1.475139852765882071e-05
1.613318562671452324e-05
1.751497384535152620e-05
1.889675955951910881e-05
-2.017673840577388462e-05
-1.879495180095220490e-05
-1.741316694341816962e-05
-1.603138077334249605e-05
-1.464959345083694569e-05
-1.326780497459623400e-05
-1.188601635063348452e-05
-1.050422786699489718e-05
-9.122441181744506692e-06
-7.740655027491904938e-06
-6.358870644852415031e-06
-4.977086507439620723e-06
-3.595302349480175419e-06
-2.213519487528959082e-06
-8.317365804904770124e-07
5.500469753876887441e-07
1.931829428737184101e-06
3.313609911068791759e-06
4.695390674048989655e-06
6.077171499682315612e-06
7.458951702023850328e-06
8.840732878779993629e-06
1.022251567507918081e-05
1.160429695321394726e-05
1.298607832606123074e-05
1.436786010959056168e-05
1.574964074970394056e-05
1.713142165628986292e-05
1.851320170708899986e-05
-2.056030339060477995e-05
-1.917852308901041221e-05
-1.779674333521401343e-05
-1.641496436604419657e-05
-1.503318543987352785e-05
-1.365140761713892723e-05
-1.226963018845094345e-05
-1.088785279511341046e-05
-9.506074847512324756e-06
-8.124296736151657327e-06
-6.742518633165155720e-06
-5.360739526685478988e-06
-3.978960058890114837e-06
-2.597181262214188260e-06
-1.215403088959841876e-06
1.663753989294976865e-07
1.548153720461827242e-06
2.929931525373882465e-06
4.311708183933068923e-06
5.693484996017395505e-06
7.075261907306536813e-06

Newton Times
0.000000000000000000e+00
9.999999999999999547e-07
1.999999999999999909e-06
3.000000000000000076e-06
3.999999999999999819e-06
4.999999999999999562e-06
6.000000000000000152e-06
6.999999999999999895e-06
7.999999999999999638e-06
9.000000000000000228e-06
9.999999999999999124e-06
1.099999999999999971e-05
1.200000000000000030e-05
1.299999999999999920e-05
1.399999999999999979e-05
1.499999999999999869e-05
1.599999999999999928e-05
1.699999999999999987e-05
1.800000000000000046e-05
1.899999999999999766e-05
1.999999999999999825e-05
2.099999999999999884e-05
2.199999999999999943e-05
2.300000000000000002e-05
2.400000000000000061e-05
2.499999999999999781e-05
2.599999999999999840e-05
2.699999999999999899e-05
2.799999999999999958e-05
2.900000000000000017e-05
2.999999999999999737e-05
3.100000000000000135e-05
3.199999999999999855e-05
3.299999999999999575e-05
3.399999999999999973e-05
3.499999999999999693e-05
3.600000000000000091e-05
3.699999999999999811e-05
3.799999999999999532e-05
3.899999999999999929e-05
3.999999999999999650e-05
4.100000000000000047e-05
4.199999999999999768e-05
4.299999999999999488e-05
4.399999999999999886e-05
4.499999999999999606e-05
4.600000000000000004e-05
4.699999999999999724e-05
4.800000000000000122e-05
4.899999999999999842e-05
4.999999999999999562e-05
5.099999999999999960e-05
5.199999999999999680e-05
5.300000000000000078e-05
5.399999999999999798e-05
5.499999999999999518e-05
5.599999999999999916e-05
5.699999999999999636e-05
5.800000000000000034e-05
5.899999999999999754e-05
5.999999999999999474e-05
6.099999999999999872e-05
6.200000000000000270e-05
6.299999999999999990e-05
6.399999999999999710e-05
6.499999999999999431e-05
6.599999999999999151e-05
6.700000000000000226e-05
6.799999999999999946e-05
6.899999999999999667e-05
6.999999999999999387e-05
7.099999999999999107e-05
7.200000000000000182e-05
7.299999999999999903e-05
7.399999999999999623e-05
7.499999999999999343e-05
7.599999999999999063e-05
7.700000000000000139e-05
7.799999999999999859e-05
7.899999999999999579e-05
7.999999999999999299e-05
8.099999999999999019e-05
8.200000000000000095e-05
8.299999999999999815e-05
8.399999999999999535e-05
8.499999999999999255e-05
8.599999999999998976e-05
8.700000000000000051e-05
8.799999999999999771e-05
8.899999999999999491e-05
8.999999999999999212e-05
9.099999999999998932e-05
9.200000000000000007e-05
9.299999999999999727e-05
9.399999999999999448e-05
9.499999999999999168e-05
9.600000000000000243e-05
9.699999999999999963e-05
9.799999999999999684e-05
9.899999999999999404e-05
9.999999999999999124e-05
1.010000000000000020e-04
1.019999999999999992e-04
1.029999999999999964e-04
1.039999999999999936e-04
1.049999999999999908e-04
1.060000000000000016e-04
1.069999999999999988e-04
1.079999999999999960e-04
1.089999999999999932e-04
1.099999999999999904e-04
1.110000000000000011e-04
1.119999999999999983e-04
1.129999999999999955e-04
1.139999999999999927e-04
1.149999999999999899e-04
1.160000000000000007e-04
1.169999999999999979e-04
1.179999999999999951e-04
1.189999999999999923e-04
1.199999999999999895e-04
1.210000000000000002e-04
1.219999999999999974e-04
1.229999999999999811e-04
1.240000000000000054e-04
1.250000000000000026e-04
1.259999999999999998e-04
1.269999999999999970e-04
1.279999999999999942e-04
1.289999999999999914e-04
1.299999999999999886e-04
1.309999999999999858e-04
1.319999999999999830e-04
1.330000000000000073e-04
1.340000000000000045e-04
1.350000000000000017e-04
1.359999999999999989e-04
1.369999999999999961e-04
1.379999999999999933e-04
1.389999999999999905e-04
1.399999999999999877e-04
1.409999999999999849e-04
1.419999999999999821e-04
1.430000000000000064e-04
1.440000000000000036e-04
1.450000000000000009e-04
1.459999999999999981e-04
1.469999999999999953e-04
1.479999999999999925e-04
1.489999999999999897e-04
1.499999999999999869e-04
1.509999999999999841e-04
1.519999999999999813e-04
1.530000000000000056e-04
1.540000000000000028e-04
1.550000000000000000e-04
1.559999999999999972e-04
1.569999999999999944e-04
1.579999999999999916e-04
1.589999999999999888e-04
1.599999999999999860e-04
1.609999999999999832e-04
1.619999999999999804e-04
1.630000000000000047e-04
1.640000000000000019e-04
1.649999999999999991e-04
1.659999999999999963e-04
1.669999999999999935e-04
1.679999999999999907e-04
1.689999999999999879e-04
1.699999999999999851e-04
1.709999999999999823e-04
1.719999999999999795e-04
1.730000000000000038e-04
1.740000000000000010e-04
1.749999999999999982e-04
1.759999999999999954e-04
1.769999999999999926e-04
1.779999999999999898e-04
1.789999999999999870e-04
1.799999999999999842e-04
1.809999999999999814e-04
1.819999999999999786e-04
1.830000000000000029e-04
1.840000000000000001e-04
1.849999999999999973e-04
1.859999999999999945e-04
1.869999999999999917e-04
1.879999999999999890e-04
1.889999999999999862e-04
1.899999999999999834e-04
1.909999999999999806e-04
1.920000000000000049e-04
1.930000000000000021e-04
1.939999999999999993e-04
1.949999999999999965e-04
1.959999999999999937e-04
1.969999999999999909e-04
1.979999999999999881e-04
1.989999999999999853e-04
1.999999999999999825e-04
2.009999999999999797e-04
2.020000000000000040e-04
2.030000000000000012e-04
2.039999999999999984e-04
2.049999999999999956e-04
2.059999999999999928e-04
2.069999999999999900e-04
2.079999999999999872e-04
2.089999999999999844e-04
2.099999999999999816e-04
2.109999999999999788e-04
2.120000000000000031e-04
2.130000000000000003e-04
2.139999999999999975e-04
2.149999999999999947e-04
2.159999999999999919e-04
2.169999999999999891e-04
2.179999999999999863e-04
2.189999999999999835e-04
2.199999999999999807e-04
2.209999999999999779e-04
2.220000000000000022e-04
2.229999999999999994e-04
2.239999999999999966e-04
2.249999999999999938e-04
2.259999999999999910e-04
2.269999999999999882e-04
2.279999999999999854e-04
2.289999999999999826e-04
2.299999999999999799e-04
2.309999999999999771e-04
2.320000000000000014e-04
2.329999999999999986e-04
2.339999999999999958e-04
2.349999999999999930e-04
2.359999999999999902e-04
2.369999999999999874e-04
2.379999999999999846e-04
2.389999999999999818e-04
2.399999999999999790e-04
2.409999999999999762e-04
2.420000000000000005e-04
2.429999999999999977e-04
2.439999999999999949e-04
2.449999999999999921e-04
2.459999999999999622e-04
2.469999999999999865e-04
2.480000000000000108e-04
2.489999999999999809e-04
2.500000000000000052e-04
2.509999999999999753e-04
2.519999999999999996e-04
2.529999999999999697e-04
2.539999999999999940e-04
2.549999999999999641e-04
2.559999999999999884e-04
2.570000000000000127e-04
2.579999999999999828e-04
2.590000000000000071e-04
2.599999999999999772e-04
2.610000000000000015e-04
2.619999999999999716e-04
2.629999999999999959e-04
2.639999999999999660e-04
2.649999999999999903e-04
2.660000000000000146e-04
2.669999999999999847e-04
2.680000000000000090e-04
2.689999999999999791e-04
2.700000000000000035e-04
2.709999999999999735e-04
2.719999999999999979e-04
2.729999999999999680e-04
2.739999999999999923e-04
2.749999999999999624e-04
2.759999999999999867e-04
2.770000000000000110e-04
2.779999999999999811e-04
2.790000000000000054e-04
2.799999999999999755e-04
2.809999999999999998e-04
2.819999999999999699e-04
2.829999999999999942e-04
2.839999999999999643e-04
2.849999999999999886e-04
2.860000000000000129e-04
2.869999999999999830e-04
2.880000000000000073e-04
2.889999999999999774e-04
2.900000000000000017e-04
2.909999999999999718e-04
2.919999999999999961e-04
2.929999999999999662e-04
2.939999999999999905e-04
2.949999999999999606e-04
2.959999999999999849e-04
2.970000000000000092e-04
2.979999999999999793e-04
2.990000000000000036e-04
2.999999999999999737e-04
3.009999999999999980e-04
3.019999999999999681e-04
3.029999999999999924e-04
3.039999999999999625e-04
3.049999999999999868e-04
3.060000000000000111e-04
3.069999999999999812e-04
3.080000000000000055e-04
3.089999999999999756e-04
3.099999999999999999e-04
3.109999999999999700e-04
3.119999999999999944e-04
3.129999999999999644e-04
3.139999999999999888e-04
3.149999999999999589e-04
3.159999999999999832e-04
3.170000000000000075e-04
3.179999999999999776e-04
3.190000000000000019e-04
3.199999999999999720e-04
3.209999999999999963e-04
3.219999999999999664e-04
3.229999999999999907e-04
3.239999999999999608e-04
3.249999999999999851e-04
3.260000000000000094e-04
3.269999999999999795e-04
3.280000000000000038e-04
3.289999999999999739e-04
3.299999999999999982e-04
3.309999999999999683e-04
3.319999999999999926e-04
3.329999999999999627e-04
3.339999999999999870e-04
3.350000000000000113e-04
3.359999999999999814e-04
3.370000000000000057e-04
3.379999999999999758e-04
3.390000000000000001e-04
3.399999999999999702e-04
3.409999999999999945e-04
3.419999999999999646e-04
3.429999999999999889e-04
3.439999999999999590e-04
3.449999999999999833e-04
3.460000000000000076e-04
3.469999999999999777e-04
3.480000000000000020e-04
3.489999999999999721e-04
3.499999999999999964e-04
3.509999999999999665e-04
3.519999999999999908e-04
3.529999999999999609e-04
3.539999999999999853e-04
3.550000000000000096e-04
3.559999999999999797e-04
3.570000000000000040e-04
3.579999999999999741e-04
3.589999999999999984e-04
3.599999999999999685e-04
3.609999999999999928e-04
3.619999999999999629e-04
3.629999999999999872e-04
3.639999999999999573e-04
3.649999999999999816e-04
3.660000000000000059e-04
3.669999999999999760e-04
3.680000000000000003e-04
3.689999999999999704e-04
3.699999999999999947e-04
3.709999999999999648e-04
3.719999999999999891e-04
3.729999999999999592e-04
3.739999999999999835e-04
3.750000000000000078e-04
3.759999999999999779e-04
3.770000000000000022e-04
3.779999999999999723e-04
3.789999999999999966e-04
3.799999999999999667e-04
3.809999999999999910e-04
3.819999999999999611e-04
3.829999999999999854e-04
3.840000000000000097e-04
3.849999999999999798e-04
3.860000000000000041e-04
3.869999999999999742e-04
3.879999999999999985e-04
3.889999999999999686e-04
3.899999999999999929e-04
3.909999999999999630e-04
3.919999999999999873e-04
3.929999999999999574e-04
3.939999999999999817e-04
3.950000000000000061e-04
3.959999999999999762e-04
3.970000000000000005e-04
3.979999999999999706e-04
3.989999999999999949e-04
3.999999999999999650e-04
4.009999999999999893e-04
4.019999999999999594e-04
4.029999999999999837e-04
4.040000000000000080e-04
4.049999999999999781e-04
4.060000000000000024e-04
4.069999999999999725e-04
4.079999999999999968e-04
4.089999999999999669e-04
4.099999999999999912e-04
4.109999999999999613e-04
4.119999999999999856e-04
4.129999999999999557e-04
4.139999999999999800e-04
4.150000000000000043e-04

Einstein Angles
4.045528455823978284e-05
3.309170061554985451e-06
6.618339957043666043e-06
9.927509949977527493e-06
1.323668035898464525e-05
1.654585144826717569e-05
1.985502324740987565e-05
2.316419672193533564e-05
-1.398191427450686179e-05
-1.067273947486609304e-05
-7.363565369961490130e-06
-4.054392027353145477e-06
-7.452195165595505373e-07
2.563953925702648959e-06
5.873127297221287316e-06
9.182300284438605438e-06
1.249147383243407358e-05
1.580064588590900386e-05
1.910981727792231922e-05
2.241898938671055077e-05
2.572816075578791476e-05
2.903733217138749611e-05
-8.108780274971690358e-06
-4.799607224855367451e-06
-1.490433718870124839e-06
1.818739052931405311e-06
5.127911722188435632e-06
8.437084930641657361e-06
1.174625748764487766e-05
1.505543097408558570e-05
1.836460488161556904e-05
2.167377732788757145e-05
2.498294934788901326e-05
2.829212250934717249e-05
3.160129428349068095e-05
3.491046696446778132e-05
3.821964056792666531e-05
1.073529904997715477e-06
4.382703958424923125e-06
7.691878054165901787e-06
1.100105148898372607e-05
1.431022347224787681e-05
1.761939646019414386e-05
2.092856950533108110e-05
2.423774217062542744e-05
2.754691569485690514e-05
3.085608809485620237e-05
3.416526050801802568e-05
3.747443352429056357e-05
4.078360721950371559e-05
4.409278145799157560e-05
6.946671027887892922e-06
1.025584557558840411e-05
1.356501987243463359e-05
1.687419443418757638e-05
2.018336889889912569e-05
2.349254521507215045e-05
2.680172256114145659e-05
3.011089959873321502e-05
3.342007640033811813e-05
3.672925524919111413e-05
4.003843415205475943e-05
4.334761197193937493e-05
4.665678870460652973e-05
4.996596378943838750e-05
1.281985337236847936e-05
1.612902886345495861e-05
1.943820492367438630e-05
2.274738133137922791e-05
2.605655715542447046e-05
2.936573457203513446e-05
3.267491201413204744e-05
3.598409035407575639e-05
3.929326824629935050e-05
4.260244591409924098e-05
4.591162419637802430e-05
4.922080166413875149e-05
5.252998056415875133e-05
5.583916075548209202e-05
5.914834049493280322e-05
2.200223708503279264e-05
2.531141909227325350e-05
2.862060029501667464e-05
3.192978044914936343e-05
3.523896206959598298e-05
3.854814547646144118e-05
4.185732970835573315e-05
4.516651472029750627e-05
4.847569972858574845e-05
5.178488335206690637e-05
5.509406620355445701e-05
5.840324982876282352e-05
6.171243154707919411e-05
6.502161163079658726e-05
2.787550872494814333e-05
3.118469069427758805e-05
3.449387231007640907e-05
3.780305362008157743e-05
4.111223499286154336e-05
4.442141794445766153e-05
4.773060194361563116e-05
5.103978602609685522e-05
5.434897018231164682e-05
5.765815485463158206e-05
6.096733887523400679e-05
6.427652120150001501e-05
6.758570331222318222e-05
7.089488469394330985e-05
7.420406558844991004e-05
3.705796151224861949e-05
4.036714421857122995e-05
4.367632649418293997e-05
4.698550784214805927e-05
5.029469083022208501e-05
5.360387444154737823e-05
5.691305822470293387e-05
6.022224267818431100e-05
6.353142747320896942e-05
6.684061067568988366e-05
7.014979544633772668e-05
7.345898174207858274e-05
7.676816778012393540e-05
8.007735390884539834e-05
4.293125629623528538e-05
4.624044360292511570e-05
4.954963181208104972e-05
5.285881698646503963e-05
5.616800199021829452e-05
5.947718650485122883e-05
6.278637153060462632e-05
6.609555551239001796e-05
6.940473786790089577e-05
7.271391900925574636e-05
7.602310016429255073e-05
7.933228279210026207e-05
8.264146507994998543e-05
8.595064809350463247e-05
4.880454755694692965e-05
5.211373188009180997e-05
5.542291616676290272e-05
5.873209968813896867e-05
6.204128367913105957e-05
6.535046860421146742e-05
6.865965279848190435e-05
7.196883756823883134e-05
7.527802318948500690e-05
7.858720794777476119e-05
8.189639327318404120e-05
8.520557917689126947e-05
8.851476583031024604e-05
9.182395190318736887e-05
9.513313828752785765e-05
5.798703963621330322e-05
6.129622543188651383e-05
6.460541342966590441e-05
6.791460325590719673e-05
7.122379360224368643e-05
7.453298427879784087e-05
7.784217291858631460e-05
8.115136268911839906e-05
8.446055328083027761e-05
8.776974352428449212e-05
9.107893409624021486e-05
9.438812409019327180e-05
9.769731221308163775e-05
1.010065014994044241e-04
6.386040565260702015e-05
6.716959507086060906e-05
7.047878748105821148e-05
7.378798103402032648e-05
7.709717352044605590e-05
8.040636747404579672e-05
8.371556154674968629e-05
8.702475678912333784e-05
9.033395241903811705e-05
9.364314855137927096e-05
9.695234408467628159e-05
1.002615400665515463e-04
1.035707356351876660e-04
1.068799307171441735e-04
1.101891266030967788e-04
7.304303900399545287e-05
7.635223596593121919e-05
7.966143442723415782e-05
8.297063324666807465e-05
8.627983160249046114e-05
8.958903110353084195e-05
9.289822933579884991e-05
9.620742717309275181e-05
9.951662437600993373e-05
1.028258207425826535e-04
1.061350184321834997e-04
1.094442155622073572e-04
1.127534122543047456e-04
1.160626099385498499e-04
7.891652412154152472e-05
8.222572319549812216e-05
8.553492187302501792e-05
8.884412172429376284e-05
9.215332198897854040e-05
9.546252209364543143e-05
9.877172213885907989e-05
1.020809236330890910e-04
1.053901247611767778e-04
1.086993247332663430e-04
1.120085252100348077e-04
1.153177236528994383e-04
1.186269224473243889e-04
1.219361223191403777e-04
8.479003759302940386e-05
8.809923654189167621e-05
9.140843599637852993e-05
9.471763526799286770e-05
9.802683457529114499e-05
1.013360345002687647e-04
1.046452348288071414e-04
1.079544350365978001e-04
1.112636352428981144e-04
1.145728348460140969e-04
1.178820318479005178e-04
1.211912278094878526e-04
1.245004233482022420e-04
1.278096186792602161e-04
1.311188133884646286e-04
9.397272427011370570e-05
9.728192047832023967e-05
1.005911156948974147e-04
1.039003100581601546e-04
1.072095064162787673e-04
1.105187043786828643e-04
1.138279012838233097e-04
1.171370992792198821e-04
1.204462969739204087e-04
1.237554948596870518e-04
1.270646935588226796e-04
1.303738923676686168e-04
1.336830908915184605e-04
1.369922902277953883e-04
9.984620388406367710e-05
1.031554007670960747e-04
1.064645968658426551e-04
1.097737908528524788e-04
1.130829862438772685e-04
1.163921816283762587e-04
1.197013768544322610e-04
1.230105737657671871e-04
1.263197702287178906e-04
1.296289668238424341e-04
1.329381626730610636e-04
1.362473573567605145e-04
1.395565520725186852e-04
1.428657483446892171e-04
1.461749456566254076e-04
1.090288587532814982e-04
1.123380567003785850e-04
1.156472551195746349e-04
1.189564555143183671e-04
1.222656547351227356e-04
1.255748534091301620e-04
1.288840527323234259e-04
1.321932517960603065e-04
1.355024515517437415e-04
1.388116517692337135e-04
1.421208516807988037e-04
1.454300495877385057e-04
1.487392487371087910e-04
1.520484460220141408e-04
1.149023573977433501e-04
1.182115539367475427e-04
1.215207515557748099e-04
1.248299494882525011e-04
1.281391476377598336e-04
1.314483458677964450e-04
1.347575441736328830e-04
1.380667424300045484e-04
1.413759422317642717e-04
1.446851410189815140e-04
1.479943403360539688e-04
1.513035377817404834e-04
1.546127356878280296e-04
1.579219345827880254e-04
1.207758487569061560e-04
1.240850480076423920e-04
1.273942471699955105e-04
1.307034461057451436e-04
1.340126445142278259e-04
1.373218426933848894e-04
1.406310400957949322e-04
1.439402380736842281e-04
1.472494359155239051e-04
1.505586328933100973e-04
1.538678302598734890e-04
1.571770283111831399e-04
1.604862277998074407e-04
1.637954272959275901e-04
1.671046267996836941e-04
1.299585417978282864e-04
1.332677407948170464e-04
1.365769397589918855e-04
1.398861378565661778e-04
1.431953360106722080e-04
1.465045349471651430e-04
1.498137345537249988e-04
1.531229325570584868e-04
1.564321301686722506e-04
1.597413273098944122e-04
1.630505242798056917e-04
1.663597205711054802e-04
1.696689164738660516e-04
1.729781134590879462e-04
1.358320253626886032e-04
1.391412207743325600e-04
1.424504158871825411e-04
1.457596104297647309e-04
1.490688040362959607e-04
1.523779968435505570e-04
1.556871916878740719e-04
1.589963851020690289e-04
1.623055768501499075e-04
1.656147693449362723e-04
1.689239627639794019e-04
1.722331558021864353e-04
1.755423502536671010e-04
1.788515450410229203e-04
1.821607400262773490e-04
1.450146507133316925e-04
1.483238459656824164e-04
1.516330405603794399e-04
1.549422331087227085e-04
1.582514248373870442e-04
1.615606160965504768e-04
1.648698078960278510e-04
1.681790005152881062e-04
1.714881932116371686e-04
1.747973857729309612e-04
1.781065790719732933e-04
1.814157724456430770e-04
1.847249635285690128e-04
1.880341547726143304e-04
1.508880621969614037e-04
1.541972550442137361e-04
1.575064492305018843e-04
1.608156446334341953e-04
1.641248400060360589e-04
1.674340347275696662e-04
1.707432289026477061e-04
1.740524216590502932e-04
1.773616148665789960e-04
1.806708080502796184e-04
1.839800009959644705e-04
1.872891934363214467e-04
1.905983850463155449e-04
1.939075766204705000e-04
1.972167678250358693e-04
1.600706745631372860e-04
1.633798674740900196e-04
1.666890604386992141e-04
1.699982534698271663e-04
1.733074461156092021e-04
1.766166395931127026e-04
1.799258330663954311e-04
1.832350270933548659e-04
1.865442205074432187e-04
1.898534142082639064e-04
1.931626063450656602e-04
1.964717991364726361e-04
1.997809921004486836e-04
2.030901831340818555e-04
1.659440893388031287e-04
1.692532810730097161e-04
1.725624731235074591e-04
1.758716656456840775e-04
1.791808575130081945e-04
1.824900494684359895e-04
1.857992412596908558e-04
1.891084312344330429e-04
1.924176196612622277e-04
1.957268076945744065e-04
1.990359955898141433e-04
2.023451840556742811e-04
2.056543727177377156e-04
2.089635606366798738e-04
1.718174626909907713e-04
1.751266504739966640e-04
1.784358367125837212e-04
1.817450235487083957e-04
1.850542099064127340e-04
1.883633947768607094e-04
1.916725775765560985e-04
1.949817598642127525e-04
1.982909409737161014e-04
2.016001223782228383e-04
2.049093031089551980e-04
2.082184830955763506e-04
2.115276627499826161e-04
2.148368442777302074e-04
2.181460259117568793e-04
1.809999215740414101e-04
1.843091023811341018e-04
1.876182827046225343e-04
1.909274625410330595e-04
1.942366423010161950e-04
1.975458216013357461e-04
2.008550013907495495e-04
2.041641796469107698e-04
2.074733576268216677e-04
2.107825354046253543e-04
2.140917133748204725e-04
2.174008917332315258e-04
2.207100697860272913e-04
2.240192478527139905e-04
1.868731424649825985e-04
1.901823218983562534e-04
1.934915012202930340e-04
1.968006802850051531e-04
2.001098590712677811e-04

Einstein Times
0.000000000000000000e+00
9.999999999999999547e-07
1.999999999999999909e-06
3.000000000000000076e-06
3.999999999999999819e-06
4.999999999999999562e-06
6.000000000000000152e-06
6.999999999999999895e-06
7.999999999999999638e-06
9.000000000000000228e-06
9.999999999999999124e-06
1.099999999999999971e-05
1.200000000000000030e-05
1.299999999999999920e-05
1.399999999999999979e-05
1.499999999999999869e-05
1.599999999999999928e-05
1.699999999999999987e-05
1.800000000000000046e-05
1.899999999999999766e-05
1.999999999999999825e-05
2.099999999999999884e-05
2.199999999999999943e-05
2.300000000000000002e-05
2.400000000000000061e-05
2.499999999999999781e-05
2.599999999999999840e-05
2.699999999999999899e-05
2.799999999999999958e-05
2.900000000000000017e-05
2.999999999999999737e-05
3.100000000000000135e-05
3.199999999999999855e-05
3.299999999999999575e-05
3.399999999999999973e-05
3.499999999999999693e-05
3.600000000000000091e-05
3.699999999999999811e-05
3.799999999999999532e-05
3.899999999999999929e-05
3.999999999999999650e-05
4.100000000000000047e-05
4.199999999999999768e-05
4.299999999999999488e-05
4.399999999999999886e-05
4.499999999999999606e-05
4.600000000000000004e-05
4.699999999999999724e-05
4.800000000000000122e-05
4.899999999999999842e-05
4.999999999999999562e-05
5.099999999999999960e-05
5.199999999999999680e-05
5.300000000000000078e-05
5.399999999999999798e-05
5.499999999999999518e-05
5.599999999999999916e-05
5.699999999999999636e-05
5.800000000000000034e-05
5.899999999999999754e-05
5.999999999999999474e-05
6.099999999999999872e-05
6.200000000000000270e-05
6.299999999999999990e-05
6.399999999999999710e-05
6.499999999999999431e-05
6.599999999999999151e-05
6.700000000000000226e-05
6.799999999999999946e-05
6.899999999999999667e-05
6.999999999999999387e-05
7.099999999999999107e-05
7.200000000000000182e-05
7.299999999999999903e-05
7.399999999999999623e-05
7.499999999999999343e-05
7.599999999999999063e-05
7.700000000000000139e-05
7.799999999999999859e-05
7.899999999999999579e-05
7.999999999999999299e-05
8.099999999999999019e-05
8.200000000000000095e-05
8.299999999999999815e-05
8.399999999999999535e-05
8.499999999999999255e-05
8.599999999999998976e-05
8.700000000000000051e-05
8.799999999999999771e-05
8.899999999999999491e-05
8.999999999999999212e-05
9.099999999999998932e-05
9.200000000000000007e-05
9.299999999999999727e-05
9.399999999999999448e-05
9.499999999999999168e-05
9.600000000000000243e-05
9.699999999999999963e-05
9.799999999999999684e-05
9.899999999999999404e-05
9.999999999999999124e-05
1.010000000000000020e-04
1.019999999999999992e-04
1.029999999999999964e-04
1.039999999999999936e-04
1.049999999999999908e-04
1.060000000000000016e-04
1.069999999999999988e-04
1.079999999999999960e-04
1.089999999999999932e-04
1.099999999999999904e-04
1.110000000000000011e-04
1.119999999999999983e-04
1.129999999999999955e-04
1.139999999999999927e-04
1.149999999999999899e-04
1.160000000000000007e-04
1.169999999999999979e-04
1.179999999999999951e-04
1.189999999999999923e-04
1.199999999999999895e-04
1.210000000000000002e-04
1.219999999999999974e-04
1.229999999999999811e-04
1.240000000000000054e-04
1.250000000000000026e-04
1.259999999999999998e-04
1.269999999999999970e-04
1.279999999999999942e-04
1.289999999999999914e-04
1.299999999999999886e-04
1.309999999999999858e-04
1.319999999999999830e-04
1.330000000000000073e-04
1.340000000000000045e-04
1.350000000000000017e-04
1.359999999999999989e-04
1.369999999999999961e-04
1.379999999999999933e-04
1.389999999999999905e-04
1.399999999999999877e-04
1.409999999999999849e-04
1.419999999999999821e-04
1.430000000000000064e-04
1.440000000000000036e-04
1.450000000000000009e-04
1.459999999999999981e-04
1.469999999999999953e-04
1.479999999999999925e-04
1.489999999999999897e-04
1.499999999999999869e-04
1.509999999999999841e-04
1.519999999999999813e-04
1.530000000000000056e-04
1.540000000000000028e-04
1.550000000000000000e-04
1.559999999999999972e-04
1.569999999999999944e-04
1.579999999999999916e-04
1.589999999999999888e-04
1.599999999999999860e-04
1.609999999999999832e-04
1.619999999999999804e-04
1.630000000000000047e-04
1.640000000000000019e-04
1.649999999999999991e-04
1.659999999999999963e-04
1.669999999999999935e-04
1.679999999999999907e-04
1.689999999999999879e-04
1.699999999999999851e-04
1.709999999999999823e-04
1.719999999999999795e-04
1.730000000000000038e-04
1.740000000000000010e-04
1.749999999999999982e-04
1.759999999999999954e-04
1.769999999999999926e-04
1.779999999999999898e-04
1.789999999999999870e-04
1.799999999999999842e-04
1.809999999999999814e-04
1.819999999999999786e-04
1.830000000000000029e-04
1.840000000000000001e-04
1.849999999999999973e-04
1.859999999999999945e-04
1.869999999999999917e-04
1.879999999999999890e-04
1.889999999999999862e-04
1.899999999999999834e-04
1.909999999999999806e-04
1.920000000000000049e-04
1.930000000000000021e-04
1.939999999999999993e-04
1.949999999999999965e-04
1.959999999999999937e-04
1.969999999999999909e-04
1.979999999999999881e-04
1.989999999999999853e-04
1.999999999999999825e-04
2.009999999999999797e-04
2.020000000000000040e-04
2.030000000000000012e-04
2.039999999999999984e-04
2.049999999999999956e-04
2.059999999999999928e-04
2.069999999999999900e-04
2.079999999999999872e-04
2.089999999999999844e-04
2.099999999999999816e-04
2.109999999999999788e-04
2.120000000000000031e-04
2.130000000000000003e-04
2.139999999999999975e-04
2.149999999999999947e-04
2.159999999999999919e-04
2.169999999999999891e-04
2.179999999999999863e-04
2.189999999999999835e-04
2.199999999999999807e-04
2.209999999999999779e-04
2.220000000000000022e-04
2.229999999999999994e-04
2.239999999999999966e-04
2.249999999999999938e-04
2.259999999999999910e-04
2.269999999999999882e-04
2.279999999999999854e-04
2.289999999999999826e-04
2.299999999999999799e-04
2.309999999999999771e-04
2.320000000000000014e-04
2.329999999999999986e-04
2.339999999999999958e-04
2.349999999999999930e-04
2.359999999999999902e-04
2.369999999999999874e-04
2.379999999999999846e-04
2.389999999999999818e-04
2.399999999999999790e-04
2.409999999999999762e-04
2.420000000000000005e-04
2.429999999999999977e-04
2.439999999999999949e-04
2.449999999999999921e-04
2.459999999999999622e-04
2.469999999999999865e-04
2.480000000000000108e-04
2.489999999999999809e-04
2.500000000000000052e-04
2.509999999999999753e-04
2.519999999999999996e-04
2.529999999999999697e-04
2.539999999999999940e-04
2.549999999999999641e-04
2.559999999999999884e-04
2.570000000000000127e-04
2.579999999999999828e-04
2.590000000000000071e-04
2.599999999999999772e-04
2.610000000000000015e-04
2.619999999999999716e-04
2.629999999999999959e-04
2.639999999999999660e-04
2.649999999999999903e-04
2.660000000000000146e-04
2.669999999999999847e-04
2.680000000000000090e-04
2.689999999999999791e-04
2.700000000000000035e-04
2.709999999999999735e-04
2.719999999999999979e-04
2.729999999999999680e-04
2.739999999999999923e-04
2.749999999999999624e-04
2.759999999999999867e-04
2.770000000000000110e-04
2.779999999999999811e-04
2.790000000000000054e-04
2.799999999999999755e-04
2.809999999999999998e-04
2.819999999999999699e-04
2.829999999999999942e-04
2.839999999999999643e-04
2.849999999999999886e-04
2.860000000000000129e-04
2.869999999999999830e-04
2.880000000000000073e-04
2.889999999999999774e-04
2.900000000000000017e-04
2.909999999999999718e-04
2.919999999999999961e-04
2.929999999999999662e-04
2.939999999999999905e-04
2.949999999999999606e-04
2.959999999999999849e-04
2.970000000000000092e-04
2.979999999999999793e-04
2.990000000000000036e-04
2.999999999999999737e-04
3.009999999999999980e-04
3.019999999999999681e-04
3.029999999999999924e-04
3.039999999999999625e-04
3.049999999999999868e-04
3.060000000000000111e-04
3.069999999999999812e-04
3.080000000000000055e-04
3.089999999999999756e-04
3.099999999999999999e-04
3.109999999999999700e-04
3.119999999999999944e-04
3.129999999999999644e-04
3.139999999999999888e-04
3.149999999999999589e-04
3.159999999999999832e-04
3.170000000000000075e-04
3.179999999999999776e-04
3.190000000000000019e-04
3.199999999999999720e-04
3.209999999999999963e-04
3.219999999999999664e-04
3.229999999999999907e-04
3.239999999999999608e-04
3.249999999999999851e-04
3.260000000000000094e-04
3.269999999999999795e-04
3.280000000000000038e-04
3.289999999999999739e-04
3.299999999999999982e-04
3.309999999999999683e-04
3.319999999999999926e-04
3.329999999999999627e-04
3.339999999999999870e-04
3.350000000000000113e-04
3.359999999999999814e-04
3.370000000000000057e-04
3.379999999999999758e-04
3.390000000000000001e-04
3.399999999999999702e-04
3.409999999999999945e-04
3.419999999999999646e-04
3.429999999999999889e-04
3.439999999999999590e-04
3.449999999999999833e-04
3.460000000000000076e-04
3.469999999999999777e-04
3.480000000000000020e-04
3.489999999999999721e-04
3.499999999999999964e-04
3.509999999999999665e-04
3.519999999999999908e-04
3.529999999999999609e-04
3.539999999999999853e-04
3.550000000000000096e-04
3.559999999999999797e-04
3.570000000000000040e-04
3.579999999999999741e-04
3.589999999999999984e-04
3.599999999999999685e-04
3.609999999999999928e-04
3.619999999999999629e-04
3.629999999999999872e-04
3.639999999999999573e-04
3.649999999999999816e-04
3.660000000000000059e-04
3.669999999999999760e-04
3.680000000000000003e-04
3.689999999999999704e-04
3.699999999999999947e-04
3.709999999999999648e-04
3.719999999999999891e-04
3.729999999999999592e-04
3.739999999999999835e-04
3.750000000000000078e-04
3.759999999999999779e-04
3.770000000000000022e-04
3.779999999999999723e-04
3.789999999999999966e-04
3.799999999999999667e-04
3.809999999999999910e-04
3.819999999999999611e-04
3.829999999999999854e-04
3.840000000000000097e-04
3.849999999999999798e-04
3.860000000000000041e-04
3.869999999999999742e-04
3.879999999999999985e-04
3.889999999999999686e-04
3.899999999999999929e-04
3.909999999999999630e-04
3.919999999999999873e-04
3.929999999999999574e-04
3.939999999999999817e-04
3.950000000000000061e-04
3.959999999999999762e-04
3.970000000000000005e-04
3.979999999999999706e-04
3.989999999999999949e-04
3.999999999999999650e-04
4.009999999999999893e-04
4.019999999999999594e-04
4.029999999999999837e-04
4.040000000000000080e-04
4.049999999999999781e-04
4.060000000000000024e-04
4.069999999999999725e-04
4.079999999999999968e-04
4.089999999999999669e-04
4.099999999999999912e-04
4.109999999999999613e-04
4.119999999999999856e-04
4.129999999999999557e-04
4.139999999999999800e-04
4.150000000000000043e-04

Newton Computational Time: 4165.52
Einstein Computational Time: 5170.69