7.448050636807304701e-04
1.491955406273643521e-03
2.247832774614926411e-03
3.019133497696688782e-03
3.738542776820199826e-03
4.476391674816364817e-03
5.201218591426922701e-03
5.935090539156387575e-03
6.700123577820561900e-03
7.477864246583240670e-03
8.203803712554818064e-03
9.000630781150939855e-03
9.808159189146799239e-03
1.060339919166384051e-02
1.137322094892831599e-02
1.211023976825877091e-02
1.285274076271298617e-02
1.358804555042693839e-02
1.437123427492999553e-02
1.512050609062957733e-02
1.589310570102172096e-02
1.662668607721676239e-02
1.737246246620476053e-02
1.814530092618559659e-02
1.893868266549413384e-02
1.972259123445722559e-02
2.048935885248110572e-02
2.125688137481710274e-02
2.198727300533139320e-02
2.277101633084997398e-02
2.356317883449791234e-02
2.431772752066914400e-02
2.513663368439631937e-02
2.594408637922391778e-02
2.675505347371424925e-02
2.754508975059024450e-02
2.829488111051942437e-02
2.910013842808708770e-02
2.986412840125804435e-02
3.065899694656383859e-02
3.143629750975187459e-02
3.223200821705308333e-02
3.299762548427019604e-02
3.379337202148029878e-02
3.458735852696163959e-02
3.540498169618404994e-02
3.618552887755110969e-02
3.700340721438320768e-02
3.781396868934584765e-02
3.864621606094861828e-02
3.939871884842396227e-02
4.021445301420883967e-02
4.102988076290813718e-02
4.181994299517157593e-02
4.259907118882368116e-02
4.338940251108295426e-02
4.419272070137163916e-02
4.501025979923912318e-02
4.582815674162819819e-02
4.660579663963369118e-02
4.739297960515204827e-02
4.816506207017696994e-02
4.896771176110258778e-02
4.972395765663486372e-02
5.047259154071772475e-02
5.126580264849130153e-02
5.207606126173891514e-02
5.287954676111585733e-02
5.367505795959501974e-02
5.452291380400319659e-02
5.534135453627423568e-02
5.615382613935854250e-02
5.698968449116404572e-02
5.784559378346989383e-02
5.867935150072159378e-02
5.952663485618129441e-02
6.036854855240682272e-02
6.119034009586423600e-02
6.205307329867195548e-02
6.286973111395979807e-02
6.367550588984829951e-02
6.451901995445891158e-02
6.535950805903355254e-02
6.618078148789759141e-02
6.701137403197064690e-02
6.786072946811089190e-02
6.872109521349395456e-02
6.956367827298162720e-02
7.041507356970383436e-02
7.129147277872777133e-02
7.216185606980184131e-02
7.304137174992489379e-02
7.387707592493758524e-02
7.474419984071055401e-02
7.559924414634561218e-02
7.642527449640336423e-02
7.725666619672216795e-02
7.817607560315754933e-02
7.907503220318699844e-02
7.991471244918894878e-02
8.074745113884192194e-02
8.162020585941348605e-02
8.252180032581805935e-02
8.338471307002810751e-02
8.422694105818770427e-02
8.506795289884100386e-02
8.588380229289153955e-02
8.672715336452790913e-02
8.757840434695807197e-02
8.838339183952000078e-02
8.925408461888482969e-02
9.008608160027159473e-02
9.094963266501496224e-02
9.180965905121689363e-02
9.266857746250727057e-02
9.350417800489141396e-02
9.440348659915924479e-02
9.526608055950958054e-02
9.612035065402199652e-02
9.701658777740361506e-02
9.791610837520529909e-02
9.879723488987895985e-02
9.969153766784913384e-02
1.005694744505052640e-01
1.015111636242101850e-01
1.023856062300757402e-01
1.032252510131176637e-01
1.040682189835303029e-01
1.049530822823964427e-01
1.057976170059325149e-01
1.066764240569652578e-01
1.075717474077192704e-01
1.084331816354878048e-01
1.093481696306514567e-01
1.102237686744063916e-01
1.110960546602350468e-01
1.119562943262450289e-01
1.128419097014371347e-01
1.137499338667990190e-01
1.146861263467462283e-01
1.155940067324869730e-01
1.165296921854514500e-01
1.174921860735735624e-01
1.183641546061443006e-01
1.192567665770615237e-01
1.201401832929657049e-01
1.210661359898074912e-01
1.219390878334377787e-01
1.228419049301183730e-01
1.237684261717690998e-01
1.246741830259550377e-01
1.256276550408166326e-01
1.265273598723123671e-01
1.274436623620053277e-01
1.283345919120373602e-01
1.292988958438655855e-01
1.302280225335733232e-01
1.311077902629329273e-01
1.320270091039582872e-01
1.329312126878662292e-01
1.338516356746629055e-01
1.347728805329253543e-01
1.357229431694073063e-01
1.366506046874224334e-01
1.375842379796742843e-01
1.385247203900425161e-01
1.394822248212781446e-01
1.403580144278628872e-01
1.412830084022079491e-01
1.421874200132153820e-01
1.431527239275741381e-01
1.440972094361150091e-01
1.450578035156210033e-01
1.460403869555894629e-01
1.469822689493828494e-01
1.479291143769756178e-01
1.488724128600605323e-01
1.497464102049347601e-01
1.506220479486396202e-01
1.515749709883193741e-01
1.524402283949079229e-01
1.534107716719769476e-01
1.544025319455653855e-01
1.553950506649107444e-01
1.563064556187449272e-01
1.572253311236582185e-01
1.581585272388039420e-01
1.590867464809537224e-01
1.600425243553874888e-01
1.610274934159565685e-01
1.619478367776935324e-01
1.629353537393894436e-01
1.638707996807547695e-01
1.648434356338537854e-01
1.657971778650689232e-01
1.667991377865183367e-01
1.678163410563558722e-01
1.687839162750199573e-01
1.697796819501206922e-01
1.707538963232787255e-01
1.716837039804586240e-01
1.727201548084411342e-01
1.737051525955193021e-01
1.746999332165411201e-01
1.756901593831925734e-01
1.766100038879280243e-01
1.776388914367514060e-01
1.786344030481260559e-01
1.796440435763928811e-01
1.806483414096783646e-01
1.816421893618491989e-01
1.825677685425016739e-01
1.835226492182825964e-01
1.845071086842043906e-01
1.854800844883316979e-01
1.865006529279320813e-01
1.875544441877078639e-01
1.886070805788576943e-01
1.895884451537506177e-01
1.906169626539964967e-01
1.916208922947933435e-01
1.926602169754271510e-01
1.937005505177631925e-01
1.947168396704346272e-01
1.957206480848764640e-01
1.966875841852834261e-01
1.977258855282026107e-01
1.987623340857794796e-01
1.998817705362199437e-01
2.009487106026097147e-01
2.019818887449580935e-01
2.030428945175817845e-01
2.040971317733514812e-01
2.051113999291076240e-01
2.062024778762978350e-01
2.072390565596119172e-01
2.083007000158369759e-01
2.093212180253920529e-01
2.103579217403798440e-01
2.114023837908048098e-01
2.125104566204429057e-01
2.135900689537945096e-01
2.146491052940479594e-01
2.156958604647584432e-01
2.167456052168403868e-01
2.178034190569724526e-01
2.188496100317449677e-01
2.198989625623577471e-01
2.209205075939726093e-01
2.219646234587311917e-01
2.230485143974336171e-01
2.241841187033842275e-01
2.252587750947659118e-01
2.263481084872512872e-01
2.273227260692150808e-01
2.283411790698113841e-01
2.293931951675711456e-01
2.304943498618385045e-01
2.315682499992197663e-01
2.326489398662359431e-01
2.337829965955199318e-01
2.348920808921827474e-01
2.359848854712249533e-01
2.370856029214296057e-01
2.381394662090677294e-01
2.392084826951316467e-01
2.402666292552662897e-01
2.413931716143241923e-01
2.425361353632283778e-01
2.436769448969777485e-01
2.448259653870597241e-01
2.459844935725609416e-01
2.470641278985621359e-01
2.481665254368799756e-01
2.492263826651172631e-01
2.503387305807347474e-01
2.515235965084053893e-01
2.526266053446016291e-01
2.537824307296199233e-01
2.549138484774583491e-01
2.560786872885102428e-01
2.571852794839291634e-01
2.583371264785014887e-01
2.594586581773505873e-01
2.606289597033571437e-01
2.617179340540483068e-01
2.628785942627558936e-01
2.640609596991729813e-01
2.651976837182312141e-01
2.663846634764016619e-01
2.675303144279224665e-01
2.686482456063649660e-01
2.697880936083062453e-01
2.708690060439063463e-01
2.720202913217339424e-01
2.731492781693517502e-01
2.742553840501476548e-01
2.754803006905403584e-01
2.766157009478512063e-01
2.777221647218696132e-01
2.788786241672635002e-01
2.800813862394643250e-01
2.812141431709758166e-01
2.823510186629684116e-01
2.835186656853090903e-01
2.846909348330377010e-01
2.859830202260152388e-01
2.872136526512779064e-01
2.883715457081231226e-01
2.895246216053550814e-01
2.907012514568111938e-01
2.918747812058233304e-01
2.930652603128949263e-01
2.942346296994013399e-01
2.953657470860485135e-01
2.965517423254689366e-01
2.977247116347058742e-01
2.989171785572983797e-01
3.001547092185800625e-01
3.013561947969723431e-01
3.025837233387356773e-01
3.037708475016059895e-01
3.049680820262620218e-01
3.061919056025830810e-01
3.074412841146472175e-01
3.086042688318064720e-01
3.098196738061699262e-01
3.110591737428222148e-01
3.122876484792603824e-01
3.134908079021866967e-01
3.147331839092116779e-01
3.159251569405166493e-01
3.172356088649722072e-01
3.184570634103768838e-01
3.196715936883145481e-01
3.209650739992231938e-01
3.221767745176619124e-01
3.234476928520341188e-01
3.246640840995122512e-01
3.258588718440985077e-01
3.271724696982226122e-01
3.284238265560914249e-01
3.296437675705176096e-01
3.309032957763712313e-01
3.321487778363260701e-01
3.334535987340940810e-01
3.347123246966985932e-01
3.358901345721890253e-01
3.372142460529655716e-01
3.384724871793272638e-01
3.397120316333674950e-01
3.409691933437859479e-01
3.422832794548690272e-01
3.435736036785169145e-01
3.448689677064730730e-01
3.462169283763941730e-01
3.475574458463472904e-01
3.488253427545096597e-01
3.501008651123818649e-01
3.514247529135003378e-01
3.527122475987825578e-01
3.539898046669557874e-01
3.553287883303751227e-01
3.567199049734821603e-01
3.580042540355698466e-01
3.593928941603162230e-01
3.607003838933845463e-01
3.619965752595012964e-01
3.632613195639016745e-01
3.646202901398442608e-01
3.659254228809082909e-01
3.672725076788784238e-01
3.686108073772620952e-01
3.699304388874387617e-01
3.712331186041124553e-01
3.725175369518032853e-01
3.738712210351066156e-01
3.752496913059363282e-01
3.766582215876089212e-01
3.780072938948707550e-01
3.793717388522434564e-01
3.807010370064015103e-01
3.821057202739669423e-01
3.835040021423894441e-01
3.849338680297560433e-01
3.863414204739739621e-01
3.876816110723608766e-01
3.890267284554332350e-01
3.903398621182057604e-01
3.917612992595141397e-01
3.931476295270083798e-01
3.946147565755719344e-01
3.960107904686818170e-01
3.974096221573549803e-01
3.988441357806532528e-01
4.002674948511441566e-01
4.017417652625642210e-01
4.031287132561134356e-01
4.045135601199671416e-01
4.059502251343366508e-01
4.073844068612949565e-01
4.088835723846516168e-01
4.103159234521124299e-01
4.116740249089656523e-01
4.131982844465210136e-01
4.146224885208866229e-01
4.161491813140407170e-01
4.175468028915510499e-01
4.189247638596230172e-01
4.204119992553591034e-01
4.218378257932139941e-01
4.232979663876089704e-01
4.247774808076876796e-01
4.262211277649384233e-01
4.277167046670688477e-01
4.291356539336639853e-01
4.305675743616009798e-01
4.320414599896328922e-01
4.334706155453539878e-01
4.349122567929679661e-01
4.363986069164557113e-01
4.378492765500323070e-01
4.393063715381240741e-01
4.407726072241245352e-01
4.422125292114181261e-01
4.436568559452384597e-01
4.451901137006123443e-01
4.466925138807908424e-01
4.481136267978168553e-01
4.496453432197196620e-01
4.512708572567862841e-01
4.527481284253227489e-01
4.542675224879916818e-01
4.558079187789992881e-01
4.572610566676436061e-01
4.587656635164172880e-01
4.603087514312974027e-01
4.618262790918534755e-01
4.633870592613524853e-01
4.649020110263084593e-01
4.664489916576818884e-01
4.679919308520079646e-01
4.695555678487429718e-01
4.711413451789073781e-01
4.726821181774568115e-01
4.742022596470587548e-01
4.757479627672605571e-01
4.773958397144459354e-01
4.789189386934618042e-01
4.804328312738841422e-01
4.819958836186642448e-01
4.835178961483992954e-01
4.850421090580275818e-01
4.867612840157886089e-01
4.884339712515733400e-01
4.900404089416375286e-01
4.915773481613930351e-01
4.931511032786839444e-01
4.948044357849543107e-01
4.965112550666901936e-01
4.981016971183551689e-01
4.997987158101852012e-01
5.013796475919508611e-01
5.029644556683210421e-01
5.046085260885535551e-01
5.062420838704796422e-01
5.078420427422749572e-01
5.095432983153753703e-01
5.111422917815020561e-01
5.127282579239066385e-01
5.143440720800632748e-01
5.160031501060913239e-01
5.176857578628185630e-01
5.193830465080184755e-01
5.210999211745994675e-01
5.228278792009543041e-01
5.244657134258073894e-01
5.261173217719352646e-01
5.276721965255906088e-01
5.293549542515683104e-01
5.310818034890913975e-01
5.328034877863785379e-01
5.345698243316259202e-01
5.363246025954786500e-01
5.380241577487071547e-01
5.396891260270885171e-01
5.414652314137017308e-01
5.431499244558813944e-01
5.449246510878583694e-01
5.467391002532412392e-01
5.484630635014002831e-01
5.502381002204040916e-01
5.519399183597630820e-01
5.536936201793417611e-01
5.554494756687025081e-01
5.572087637614452360e-01
5.589790413696263949e-01
5.606984574630488050e-01
5.624525415573781162e-01
5.641573795535519409e-01
5.659730689670054993e-01
5.677818211935774517e-01
5.695819075017257704e-01
5.715059957203746377e-01
5.733960753272134836e-01
5.751891891853861960e-01
5.769523184281699635e-01
5.787727936003360663e-01
5.806107136632805421e-01
5.824059084171474554e-01
5.842370828185403653e-01
5.861123884995006472e-01
5.879813550752082119e-01
5.897966920751944730e-01
5.916447082840193827e-01
5.935050897963156658e-01
5.954207923813208403e-01
5.973099459318327309e-01
5.992148863319661789e-01
6.011859993033317195e-01
6.030493503815874679e-01
6.049849223383597652e-01
6.069172058174149287e-01
6.087925608263963229e-01
6.105740854860766120e-01
6.124574745282866939e-01
6.144193737977386993e-01
6.163453238278480129e-01
6.182211247670604815e-01
6.201376865833961860e-01
6.222101087204557901e-01
6.240235668794433810e-01
6.259424767569174985e-01
6.279173913907557525e-01
6.298430929462508487e-01
6.317531336411166265e-01
6.337380845709490451e-01
6.356907889031976344e-01
6.376571459759592386e-01
6.396610631445229789e-01
6.416436243471488332e-01
6.436328256048350349e-01
6.456739199799659268e-01
6.476871889163471341e-01
6.495971671799135594e-01
6.515751477221296550e-01
6.536221151543212260e-01
6.556561487296879154e-01
6.575997797500608977e-01
6.596221019620532866e-01
6.616674450253067219e-01
6.637024323668500037e-01
6.658592364480124814e-01
6.679840300815553800e-01
6.700738190825641372e-01
6.721396405115711570e-01
6.741916013709071676e-01
6.763473485750410852e-01
6.784980521475211246e-01
6.806966126306330800e-01
6.828203307154375734e-01
6.849383076134561987e-01
6.870297966723082350e-01
6.891496851955346559e-01
6.913289368738062546e-01
6.935001659369380844e-01
6.955868142398728970e-01
6.976951172867477124e-01
6.998896071250421125e-01
7.019679062321662055e-01
7.040775579223640390e-01
7.062542759012568894e-01
7.085704724369086271e-01
7.106728613205209877e-01
7.128677926451556512e-01
7.151504779960627944e-01
7.174864281177036895e-01
7.198046159974186287e-01
7.220223804028498282e-01
7.243265280604046508e-01
7.265648054798226063e-01
7.288592224552329357e-01
7.312176770326933584e-01
7.333729339053776108e-01
7.356430728918438300e-01
7.378523697299230744e-01
7.401166400574369364e-01
7.424280585095602847e-01
7.447623337421032108e-01
7.468579607980027069e-01
7.491069639910215017e-01
7.514870578146329860e-01
7.537789330613420269e-01
7.562452996796613647e-01
7.584397883966065290e-01
7.607298052364679375e-01
7.632571456923011866e-01
7.655908443977207378e-01
7.679182799386573555e-01
7.703662702741519430e-01
7.728601252273779032e-01
7.753808805868868115e-01
7.777539402930679913e-01
7.802389571041873362e-01
7.825483605675148668e-01
7.849724755793964226e-01
7.875900302986305057e-01
7.901250881121181235e-01
7.926871331145616262e-01
7.952898614776490183e-01
7.977626812505286269e-01
8.002938723935144605e-01
8.030309836950847435e-01
8.055952952268522482e-01
8.081087796666437395e-01
8.106315709237460476e-01
8.131145596072549830e-01
8.156317787737982217e-01
8.182609240377233251e-01
8.208018475154523763e-01
8.233407259415315149e-01
8.259533285907669775e-01
8.286143306230033811e-01
8.310871617876305351e-01
8.336888307193032199e-01
8.363667328288560965e-01
8.390327387517152458e-01
8.418437944623418101e-01
8.445359919274104676e-01
8.471271247199031462e-01
8.497725063207751672e-01
8.523627954118777605e-01
8.550204304607716965e-01
8.578214113273093799e-01
8.604986992766012754e-01
8.633061386748397403e-01
8.660431804844171966e-01
8.688199366233055887e-01
8.716495507567412204e-01
8.745908084030322716e-01
8.773360892596038241e-01
8.801135812594242935e-01
8.829765626979676485e-01
8.858665464987827143e-01
8.886627124225155994e-01
8.915145555017864876e-01
8.944236089675370316e-01
8.972537039859502794e-01
9.002439484873773212e-01
9.032950233763566983e-01
9.062338680680619429e-01
9.092730353264294463e-01
9.121110382315753551e-01
9.151436630154892171e-01
9.181611342787185936e-01
9.213628232098031168e-01
9.244418877175359928e-01
9.275416247353469590e-01
9.307311975391009407e-01
9.338114532320960226e-01
9.368955091322125339e-01
9.399670618340656425e-01
9.430587240997395648e-01
9.461753145371721851e-01
9.494182671041250243e-01
9.526144321580939378e-01
9.559216954602768324e-01
9.589858563343985898e-01
9.622561598827122920e-01
9.653862719883337107e-01
9.686346944652663993e-01
9.717732971869387226e-01
9.749641446791987853e-01
9.781279838192931120e-01
9.815009041704348958e-01
9.848701177110751326e-01
9.881371658968927107e-01
9.915055620553322457e-01
9.947381051037189614e-01
9.981600959074565793e-01
1.001783492269193943e+00
1.005027064497129752e+00
1.008269860612091007e+00
1.011842231722719365e+00
1.015211953914135101e+00
1.018769240350513305e+00
1.022363843666763694e+00
1.026133427662180742e+00
1.029633875381486208e+00
1.033216260244040230e+00
1.036766677405726256e+00
1.040320105717696508e+00
1.043926739279742222e+00
1.047404700138571565e+00
1.050894142751915838e+00
1.054504648910877362e+00
1.058339149910134003e+00
1.062135659251812081e+00
1.065647966557270454e+00
1.069347961239827560e+00
1.073103360800387707e+00
1.077021834152201318e+00
1.080785651122236679e+00
1.084520712405730780e+00
1.088489282398247049e+00
1.092291270804985448e+00
1.096061495202888425e+00
1.099976251793682414e+00
1.103936089381349017e+00
1.107508568881625299e+00
1.111291055814529249e+00
1.115046084647537628e+00
1.119190310147551104e+00
1.123180053875149298e+00
1.127212540106357519e+00
1.131038786619148917e+00
1.135042644102491671e+00
1.139207835455728901e+00
1.143310164088852776e+00
1.147598407371583917e+00
1.151670807189377310e+00
1.155691801156147447e+00
1.159898555585014979e+00
1.163981114615531443e+00
1.168188350017367982e+00
1.172315598671893166e+00
1.176726859188970353e+00
1.181251743943427579e+00
1.185890826386175156e+00
1.190160147748669628e+00
1.194338826580923829e+00
1.198645433888555933e+00
1.202972887175397521e+00
1.207558971360495725e+00
1.212036830200965642e+00
1.216573057967520466e+00
1.221229741294801885e+00
1.225870339534094855e+00
1.230314187769849799e+00
1.235137589750745724e+00
1.239740037340771206e+00
1.244273028689336202e+00
1.248846101798462005e+00
1.253413414518843805e+00
1.258288281475884451e+00
1.262986183082182690e+00
1.267756784643578660e+00
1.272425237018508293e+00
1.276986616394859997e+00
1.281697546870132154e+00
1.286257416488305161e+00
1.291118048786514594e+00
1.296045958769260764e+00
1.301218915527329045e+00
1.305981347354934208e+00
1.310859687871738899e+00
1.315950492693978680e+00
1.321091067592039092e+00
1.326359823942230509e+00
1.331210265565516027e+00
1.336041005539330806e+00
1.341012071240422321e+00
1.346376133397229502e+00
1.351711035174256059e+00
1.356945973693317375e+00
1.361982554960526892e+00
1.367305089327377710e+00
1.372687841160030287e+00
1.377757192660835628e+00
1.382951808620114242e+00
1.388426668200027470e+00
1.393809128118735474e+00
1.399104971927378926e+00
1.404600868787930112e+00
1.409945077799583890e+00
1.415481408347681658e+00
1.421211905111553930e+00
1.427026464313595699e+00
1.432596420365143564e+00
1.438230037056708266e+00
1.444070187776809400e+00
1.449952045873962758e+00
1.455656203739694066e+00
1.461408339655721811e+00
1.466900502342308066e+00
1.472761803963734684e+00
1.478358774892641447e+00
1.484493356538801212e+00
1.490197145512545340e+00
1.495727724140631931e+00
1.502058171379757612e+00
1.508059497165340046e+00
1.514287247339505704e+00
1.520626154345317671e+00
1.526714286466461568e+00
1.533153540522381508e+00
1.539314339220525740e+00
1.545836874852658083e+00
1.552184794807229595e+00
1.558513534387648836e+00
1.564946124225605084e+00
1.571612479989989541e+00
1.578248898434501779e+00
1.585415220266778391e+00
1.591774047914750412e+00
1.598511410935873567e+00
1.604869837783674535e+00
1.611666518594222941e+00
1.618385444779720350e+00
1.625147677487368325e+00
1.631810992970428753e+00
1.638361973733741150e+00
1.645180501343373791e+00
1.652199761092192576e+00
1.659243979689829729e+00
1.666598164269941451e+00
1.673742851794403075e+00
1.680866060302786291e+00
1.688260510596848007e+00
1.695683917879659441e+00
1.702608113500733822e+00
1.709982227937373089e+00
1.717440072823330555e+00
1.724975779345188087e+00
1.732589574900860185e+00
1.740180734446761690e+00
1.747239951688082327e+00
1.754985092407990388e+00
1.762645372872322369e+00
1.771020983855195352e+00
1.778921811736060787e+00
1.786566272062409588e+00
1.793941950321676249e+00
1.802335332613168584e+00
1.810249809374530949e+00
1.818753033130857011e+00
1.827518920620414544e+00
1.836116566715926934e+00
1.844422391249494142e+00
1.852915394200724375e+00
1.860855852737891780e+00
1.870036918298034534e+00
1.878917111613409352e+00
1.887046840823886740e+00
1.895699119834215018e+00
1.904537466287546721e+00
1.913249195769294975e+00
1.922068774844281958e+00
1.931108357679551357e+00
1.940680303590225364e+00
1.950224317957662601e+00
1.959058368610941736e+00
1.967864775126304089e+00
1.977296528854670443e+00
1.986368706092310532e+00
1.995928532005846412e+00
2.004882312519556731e+00
2.014550475730957579e+00
2.023829606483666055e+00
2.033525650864850931e+00
2.043602380506901461e+00
2.053849745908264524e+00
2.063945197528448627e+00
2.073830176394459546e+00
2.084207483733953481e+00
2.094891771962955840e+00
2.105653532300195252e+00
2.116538109120878364e+00
2.127162819503780167e+00
2.137215038303822645e+00
2.147948357807749620e+00
2.158586215106590878e+00
2.169608455566843563e+00
2.180584943120633667e+00
2.191956817025061621e+00
2.203169654240641151e+00
2.214355470834223016e+00
2.225719928252000379e+00
2.237312328662714567e+00
2.248577292833845664e+00
2.260625412519490673e+00
2.272918722236529465e+00
2.284588593430388226e+00
2.296057694635476043e+00
2.308066759567740434e+00
2.320040398368649726e+00
2.332168524063547466e+00
2.344334861810263515e+00
2.356790105826576109e+00
2.369040377723296675e+00
2.381973031858125367e+00
2.394777171460225951e+00
2.408386362002921999e+00
2.421065978126465179e+00
2.434291916410732615e+00
2.447097393363908413e+00
2.460508739055039751e+00
2.474228375369418753e+00
2.488433921285007067e+00
2.503714640095295429e+00
2.517664450746428972e+00
2.532507706001290160e+00
2.547465826269499800e+00
2.562248512720607607e+00
2.577420979314323457e+00
2.591888539037441319e+00
2.607349395662639235e+00
2.622606336919977466e+00
2.638514702996486605e+00
2.654364951421502639e+00
2.669619489438133986e+00
2.686223038362495874e+00
2.702204746957291626e+00
2.717890097523061765e+00
2.734259840178012713e+00
2.751012194014585077e+00
2.768831410911239743e+00
2.785882883887993877e+00
2.803914465741996320e+00
2.822258804288851675e+00
2.840450072450112717e+00
2.858452532713247063e+00
2.877759526764842590e+00
2.896655139840320636e+00
2.915935475801168408e+00
2.934520239344847070e+00
2.955173412356848939e+00
2.975963775656663035e+00
2.996197327497610363e+00
3.017516502961229197e+00
3.038481181001291276e+00
3.058429947567295581e+00
3.079450143845481769e+00
3.101255957391700679e+00
3.123606910020868987e+00
3.146188494305937056e+00
3.168324304096647559e+00
3.190892776635283035e+00
3.215518634610015081e+00
3.238606757858716101e+00
3.262152517124570217e+00
3.287180379562976373e+00
3.311832176242555548e+00
3.337365238272595569e+00
3.363185662748591209e+00
3.389818655813082948e+00
3.416987631129450254e+00
3.445552741353174575e+00
3.474013013203990141e+00
3.502818070476884760e+00
3.531790144477587212e+00
3.561945369638763736e+00
3.593169111638251145e+00
3.625239383300850271e+00
3.657316247082920579e+00
3.689188831337405716e+00
3.721723998143791068e+00
3.756864112294866054e+00
3.791105736136741733e+00
3.826894838932211051e+00
3.862925324818799577e+00
3.900642911514112132e+00
3.941826657859404115e+00
3.980860483492280721e+00
4.021668206905363085e+00
4.064859358342577167e+00
4.108070014949016802e+00
4.151508179941043153e+00
4.198378806892851145e+00
4.244941445935219271e+00
4.292875767660092379e+00
4.346579057312474959e+00
4.399121709845937644e+00
4.454648402670972729e+00
4.510456570719944658e+00
4.571554301370293061e+00
4.628865910053264976e+00
4.692775117886964331e+00
4.757220351224316524e+00
4.824127091485800989e+00
4.896251673067375521e+00
4.966536035049736952e+00
5.045871179362889869e+00
5.132582210793192878e+00
5.223675411594819629e+00
5.315997330737793014e+00
5.415560814815849611e+00
5.521298768171856608e+00
5.637775396903160541e+00
5.759699812087572646e+00
5.895330891381496130e+00
6.054338313937164706e+00
6.229065041125784852e+00
6.429654482058566600e+00
6.661825542069951034e+00
6.934834692075274809e+00
7.271704122736874609e+00
7.732893583587428843e+00
8.399006998099489252e+00
9.696816818286080775e+00
