3.996363184289609904e+01
5.255909089699400027e+01
6.091040442122269383e+01
6.816993504596230480e+01
7.427051193044526656e+01
7.971338328439358634e+01
8.453740156642946602e+01
8.891835732543289339e+01
9.304600993097757566e+01
9.690616870787029313e+01
1.006708388356642701e+02
1.041374697123523418e+02
1.077028993653955098e+02
1.109974826768918348e+02
1.141931955452162839e+02
1.171757218616487677e+02
1.200485122967287737e+02
1.228851182799988209e+02
1.257826826972565613e+02
1.285896550794961968e+02
1.311614443038359639e+02
1.337103831923514861e+02
1.362012979260169061e+02
1.387262506479564195e+02
1.412419849457353394e+02
1.436832994673063411e+02
1.459920324562530141e+02
1.483848394442090637e+02
1.507872944328073572e+02
1.529191100432231849e+02
1.551776577384640916e+02
1.572866641934025722e+02
1.595176535290432298e+02
1.616493972972172060e+02
1.637090293629815108e+02
1.657829986301223357e+02
1.678330161715242070e+02
1.698963599977959120e+02
1.718527599154677148e+02
1.738258782572608823e+02
1.757373488660627174e+02
1.776735296412299476e+02
1.796655847298710000e+02
1.815469362607409494e+02
1.835027152533799040e+02
1.854978308776626079e+02
1.874004080923904780e+02
1.892272318555269806e+02
1.910690651587782440e+02
1.929385522225123850e+02
1.948161344103186252e+02
1.966088333288039678e+02
1.984134382294716374e+02
2.001723583325598952e+02
2.017834811424579868e+02
2.035785918103060510e+02
2.053602835467522141e+02
2.071373014762546063e+02
2.088656117816894380e+02
2.105732014731042057e+02
2.122518958721963145e+02
2.139556615162376261e+02
2.155983187015078215e+02
2.173608788955482964e+02
2.190390156250599603e+02
2.207100042551333274e+02
2.223562466802882795e+02
2.239037234496535973e+02
2.254778042011864443e+02
2.272431013287624921e+02
2.289914785361532950e+02
2.306293901285130801e+02
2.323327005729793768e+02
2.338797482091276265e+02
2.355078291035846405e+02
2.371573300469744936e+02
2.388535918102098208e+02
2.404066023868003015e+02
2.420557561653126584e+02
2.436485520605349677e+02
2.451361293366732070e+02
2.467694436972660412e+02
2.483643527683566106e+02
2.499135520564387889e+02
2.514643677368718784e+02
2.530202385851349902e+02
2.546008876393001401e+02
2.561123259115320820e+02
2.576071555076914592e+02
2.590678311112492906e+02
2.605268697742260429e+02
2.619852391285519388e+02
2.635246206360006909e+02
2.650017869525493097e+02
2.664820545764642929e+02
2.679534592950701040e+02
2.694696184684452192e+02
2.709819300911718756e+02
2.724571291569682217e+02
2.739207858458669875e+02
2.753686506486514531e+02
2.768399888701014788e+02
2.782977579869192937e+02
2.797542371531224035e+02
2.811568081878189673e+02
2.825838165960910828e+02
2.840964128198566527e+02
2.855746389899876476e+02
2.871004789077295527e+02
2.884836675620216511e+02
2.899477060885527635e+02
2.913867352464882288e+02
2.928589864031249590e+02
2.942632746232321779e+02
2.956483762677383993e+02
2.971261624888905430e+02
2.985878395719719833e+02
2.998573970274879343e+02
3.012762847977410843e+02
3.027508407701835722e+02
3.041963402626167294e+02
3.056123312765388391e+02
3.069311217907643936e+02
3.082981693197463073e+02
3.097642831047611480e+02
3.110750865384937356e+02
3.125042198469898835e+02
3.139730627561328333e+02
3.153822614100581063e+02
3.168705125103294904e+02
3.183490210632110688e+02
3.197548616776861650e+02
3.211471753476673712e+02
3.225507910557521996e+02
3.239606956015666697e+02
3.254331655865952371e+02
3.267826520835082533e+02
3.282084542173471959e+02
3.295957752877774283e+02
3.309464616816304101e+02
3.323175938827645268e+02
3.337056315122387673e+02
3.350843907926146130e+02
3.364616724416375177e+02
3.378338308757236064e+02
3.391777171250996048e+02
3.405526394131424581e+02
3.419458109643836679e+02
3.432811451250183268e+02
3.445608276886735553e+02
3.459441231685769935e+02
3.473758064144565196e+02
3.486693971133095147e+02
3.499953838984673098e+02
3.513123052312348022e+02
3.526717457015099626e+02
3.541181162284203765e+02
3.554815723595282293e+02
3.567561625542451793e+02
3.580661937667827601e+02
3.594121941134333724e+02
3.608540769919802642e+02
3.621941285192004898e+02
3.635347736891816908e+02
3.648609747405596977e+02
3.663026696531858875e+02
3.676734074115129829e+02
3.690068940089593639e+02
3.703255123240147100e+02
3.716375640835393597e+02
3.729448162223292229e+02
3.742850299328645178e+02
3.755656227023460474e+02
3.769078040951662274e+02
3.781836258225010852e+02
3.795096023002186598e+02
3.807625660013089259e+02
3.820329166660218334e+02
3.833324329027595923e+02
3.846930784856419905e+02
3.860477831347741358e+02
3.873727497522405656e+02
3.886948359333420058e+02
3.900085933836919594e+02
3.913731515955535087e+02
3.926841880576002950e+02
3.940106559392701797e+02
3.953099516436760155e+02
3.965764142273453103e+02
3.978061736667164610e+02
3.990619481414233292e+02
4.004639644561848399e+02
4.017961836840260048e+02
4.030807566505278032e+02
4.044517729050528487e+02
4.058111978319614650e+02
4.070945565185365353e+02
4.084473599700423847e+02
4.097252198513086796e+02
4.110668777028900536e+02
4.123567352900235505e+02
4.136769144083281162e+02
4.149896924923673964e+02
4.163310672888862882e+02
4.176959424695742200e+02
4.190353704339668184e+02
4.203757826854014183e+02
4.216675281918332416e+02
4.228928648849666274e+02
4.242497887020945200e+02
4.255337582034674710e+02
4.267566582119558802e+02
4.280165895448233186e+02
4.292632892043509969e+02
4.305634905350656254e+02
4.319796309911466210e+02
4.332684767286973511e+02
4.345950431891973267e+02
4.358995195690330888e+02
4.372234643785754429e+02
4.385457620521790432e+02
4.398787223927405421e+02
4.412391776743601213e+02
4.425867683795460152e+02
4.439994440639545132e+02
4.454167724652371021e+02
4.466298052806214400e+02
4.479472761992575442e+02
4.492858271324383850e+02
4.505864572663453487e+02
4.519539760954689314e+02
4.532645418495986860e+02
4.546241480626727594e+02
4.559436035463106691e+02
4.572416227397116018e+02
4.585013629035945542e+02
4.597894324744986534e+02
4.610990429351253965e+02
4.624408218489590467e+02
4.637007766861301548e+02
4.649996709984825998e+02
4.662891925286713217e+02
4.676614902870206265e+02
4.690690688714792600e+02
4.704620349954266771e+02
4.717718879901988771e+02
4.731132275122278088e+02
4.744177443234286216e+02
4.756623856054328030e+02
4.769813805169233660e+02
4.782895961890201306e+02
4.795680987233454289e+02
4.808488750392164093e+02
4.821264654008255093e+02
4.834798442717018929e+02
4.846958993282917163e+02
4.859822829279693224e+02
4.873297766949514767e+02
4.886491548915706744e+02
4.898975600944090729e+02
4.912015295197166438e+02
4.924877471574671404e+02
4.938143341571122278e+02
4.951102517505647711e+02
4.964749530384942204e+02
4.978068007940804591e+02
4.991264074204293593e+02
5.004078570737034966e+02
5.017120736702618160e+02
5.030072601070007750e+02
5.043012949392459063e+02
5.055909834353513475e+02
5.068754770724809759e+02
5.081757163246331856e+02
5.094948307426614065e+02
5.108263461389976783e+02
5.121061658200701459e+02
5.133283497272202567e+02
5.146596818397454172e+02
5.160110764963179690e+02
5.173969621599127322e+02
5.187660343278554365e+02
5.200491058438711889e+02
5.214599276810171204e+02
5.227536691095285732e+02
5.240774415192310016e+02
5.253972711719015933e+02
5.266830066417286389e+02
5.279919863939347806e+02
5.293616203726428466e+02
5.306225646765974489e+02
5.319000450243491969e+02
5.332508815463618248e+02
5.346271438717187721e+02
5.359188121232705271e+02
5.371903160200565708e+02
5.385028366866239367e+02
5.398376813496651039e+02
5.411540486945384600e+02
5.424469636817100309e+02
5.438113879384000029e+02
5.451521248272787261e+02
5.464301100628822496e+02
5.477827335045817563e+02
5.491471423653697457e+02
5.505082228896794732e+02
5.518506475196526253e+02
5.532276769409203325e+02
5.544589579939971600e+02
5.557419142529794271e+02
5.570005533169339742e+02
5.583228358342349793e+02
5.597304824308392881e+02
5.610651715063497704e+02
5.624302353440401703e+02
5.637952423668656365e+02
5.650872549000358731e+02
5.664369904667453284e+02
5.677663816164943000e+02
5.690679694207744888e+02
5.704480243237912873e+02
5.717833969262856044e+02
5.731255876506052118e+02
5.745258954700939285e+02
5.759661126159169271e+02
5.773264426223734063e+02
5.786170458233833642e+02
5.799044420661704180e+02
5.812682330328923399e+02
5.826095540641304069e+02
5.839321975479979301e+02
5.852976876857203479e+02
5.867480377517273382e+02
5.881471251313878383e+02
5.894848545407114671e+02
5.908198096448531942e+02
5.922340026759011380e+02
5.935379679912720121e+02
5.949261657084300623e+02
5.963558179638629326e+02
5.977036971566950569e+02
5.990826830842967183e+02
6.003923046707611775e+02
6.017542758552169744e+02
6.031278254428777927e+02
6.045038556100773803e+02
6.058550308506556803e+02
6.072142419332717509e+02
6.085706269043909060e+02
6.099461941717795526e+02
6.112936232685276536e+02
6.126651059845188456e+02
6.140510320045947310e+02
6.154644746228968870e+02
6.168358008840184539e+02
6.182371623060710135e+02
6.195850050314228383e+02
6.209067244269374442e+02
6.222303257821522493e+02
6.236984218734802425e+02
6.250833065283640053e+02
6.264526064217116073e+02
6.278021788047004748e+02
6.291858154667169174e+02
6.305813436875606612e+02
6.320230694925996886e+02
6.333967174982972210e+02
6.346716617624583705e+02
6.360427076813779195e+02
6.374309475117975126e+02
6.387358718293127140e+02
6.401565717667348281e+02
6.415685290402519740e+02
6.429411710498575303e+02
6.443340413053791735e+02
6.456599247973206275e+02
6.470418289882272802e+02
6.483949526435619646e+02
6.498047536176516132e+02
6.512032187678643140e+02
6.526242942986274329e+02
6.539780043395222719e+02
6.553719494560598378e+02
6.567572860713761429e+02
6.582157312307264192e+02
6.596461659869986534e+02
6.609910753543325654e+02
6.624909317897838719e+02
6.639020886212788355e+02
6.653682799282306632e+02
6.667832661314923826e+02
6.681551144811373888e+02
6.695900719711102056e+02
6.710059121047966073e+02
6.724306332167118399e+02
6.737574777973387654e+02
6.751329730923474699e+02
6.765105775797801471e+02
6.778918009480090632e+02
6.793678584921359516e+02
6.808133837070110985e+02
6.822435968311357328e+02
6.836745574466253856e+02
6.850002287363985261e+02
6.864018079316458625e+02
6.877650613889542228e+02
6.891089041721289732e+02
6.904992928533973782e+02
6.920043152616026418e+02
6.934486034695908074e+02
6.948878002377085750e+02
6.962958760560981091e+02
6.976870559263074938e+02
6.991137384955411562e+02
7.005215933327964422e+02
7.019273964367000644e+02
7.033916073062221130e+02
7.048068585057307018e+02
7.062129728878538799e+02
7.076828443265845863e+02
7.091287079919576399e+02
7.105008459542024184e+02
7.120070829460737514e+02
7.134710347429138437e+02
7.149508515955044459e+02
7.163872789785339137e+02
7.178440018838189189e+02
7.193362635657639430e+02
7.208432335405109370e+02
7.223073729975727701e+02
7.238027771276618978e+02
7.252584720675284871e+02
7.266495339632715513e+02
7.281148107580955866e+02
7.296621267691054982e+02
7.311113976299188835e+02
7.325829391951297112e+02
7.340244023924609564e+02
7.355036750151334672e+02
7.370230152432014847e+02
7.384575440248902396e+02
7.399820849952452591e+02
7.415000044817329581e+02
7.430520173370499606e+02
7.445665887292088883e+02
7.460485700531941120e+02
7.475934877545807922e+02
7.490608336329785288e+02
7.505260297416156163e+02
7.519675641596775222e+02
7.534147509421421773e+02
7.550103599222326238e+02
7.565568901064013971e+02
7.580655295854968472e+02
7.595324889702695828e+02
7.610742288185628013e+02
7.625974327727694799e+02
7.642040353014705261e+02
7.656807079094572828e+02
7.672137767008404126e+02
7.687700324092289748e+02
7.703696981037536489e+02
7.719608061992291823e+02
7.734969946973819788e+02
7.750091666872702945e+02
7.765630923885181573e+02
7.780693671443057156e+02
7.795901310618556863e+02
7.811952634042194177e+02
7.827917735966734654e+02
7.842845876716403382e+02
7.858619587243242677e+02
7.874163290915178095e+02
7.889313919065251639e+02
7.904609827253067351e+02
7.919614631276836008e+02
7.934634324445650009e+02
7.949378554163556601e+02
7.964428752381305685e+02
7.979551716164058917e+02
7.996093479253896703e+02
8.010711125144814559e+02
8.026191497444724519e+02
8.042452806537338574e+02
8.058037898411432707e+02
8.073902663121094747e+02
8.089318789242308867e+02
8.105441416873781009e+02
8.121816189441769893e+02
8.137774198922818414e+02
8.153702931080947565e+02
8.168992498162643869e+02
8.184611890127248444e+02
8.200083241286278053e+02
8.215576277930083506e+02
8.231793850462534010e+02
8.247672630861696916e+02
8.263927983265479043e+02
8.279465601250220743e+02
8.295485753197742724e+02
8.309807504585867264e+02
8.326921658278895393e+02
8.342941077222681088e+02
8.359916006489877418e+02
8.376406462250812410e+02
8.392296293072060962e+02
8.408608843946241223e+02
8.425109296913335584e+02
8.441982423934973667e+02
8.458024020518738553e+02
8.473420482743304092e+02
8.489542763496931457e+02
8.505863064794486945e+02
8.522222307600715112e+02
8.537731361653417252e+02
8.554396358342381745e+02
8.571478586840106573e+02
8.588189850400724481e+02
8.605346822415814358e+02
8.622279166709284937e+02
8.638581054459078814e+02
8.654941937853456011e+02
8.671352704026427318e+02
8.687952408496203134e+02
8.704891378167402536e+02
8.721528586345262966e+02
8.738612946663649836e+02
8.756313541859688030e+02
8.773624585690762387e+02
8.790263177380545585e+02
8.806133422587867017e+02
8.823762305882867167e+02
8.840935675273656216e+02
8.857422627636713059e+02
8.873956011826584245e+02
8.890593720544704865e+02
8.907077283687646059e+02
8.923975586845314183e+02
8.940767457878910136e+02
8.958109696183429378e+02
8.975900113754278209e+02
8.993411316095654229e+02
9.010194756212334823e+02
9.028041526254578457e+02
9.044835655600314794e+02
9.061293528346959647e+02
9.078825365021259586e+02
9.097360476656360788e+02
9.114888718026235210e+02
9.132132939731208126e+02
9.149387512486433707e+02
9.166769865393841883e+02
9.183475337742515876e+02
9.201348457117352382e+02
9.219403206885029931e+02
9.237688389710773436e+02
9.255219752555310606e+02
9.272628415824789272e+02
9.289940141755813556e+02
9.307517420196193143e+02
9.325831987410596184e+02
9.343510973967421478e+02
9.361374305194224235e+02
9.379530015749577387e+02
9.396641573507704379e+02
9.414002031421807715e+02
9.432477883979119042e+02
9.449964399901527941e+02
9.467651659380486535e+02
9.487092254910606925e+02
9.503898372382160460e+02
9.522249094435059078e+02
9.540456962710285325e+02
9.557902295378431745e+02
9.575604330039415117e+02
9.593598535113953858e+02
9.611355378720004410e+02
9.629523821280240554e+02
9.648110549023926978e+02
9.666065593037350254e+02
9.683798805843088076e+02
9.702023940857505977e+02
9.720111321001877513e+02
9.738580050703554889e+02
9.756614397556382983e+02
9.775270891295135698e+02
9.793496741622353738e+02
9.812015600077040745e+02
9.830607589588831843e+02
9.850333692752162733e+02
9.867930989435586753e+02
9.886709163534004574e+02
9.905058529198015549e+02
9.924003094977846331e+02
9.943792035865672005e+02
9.961649469889448483e+02
9.980053455289015574e+02
9.999900700173700443e+02
1.001788377860825904e+03
1.003676685718077920e+03
1.005676603908773814e+03
1.007600412642496622e+03
1.009537817437536546e+03
1.011336951085974420e+03
1.013280752676240354e+03
1.015189375423782280e+03
1.017079477355647555e+03
1.018928346706066350e+03
1.020878447060010330e+03
1.022804477838560842e+03
1.024722101821444767e+03
1.026635256468953685e+03
1.028663877034023244e+03
1.030611300557441155e+03
1.032605049317580779e+03
1.034512546134725198e+03
1.036515118893495810e+03
1.038455934721795302e+03
1.040423187437909064e+03
1.042466287190383810e+03
1.044301883304833382e+03
1.046172795958597135e+03
1.048182376493125503e+03
1.050189015788689858e+03
1.052172150812583823e+03
1.054165026607267464e+03
1.056125834332381601e+03
1.058169655344603370e+03
1.060164351287638510e+03
1.062173676495032623e+03
1.064169610388752744e+03
1.066029143218864419e+03
1.068056062789460839e+03
1.069969844405212598e+03
1.072082868896311538e+03
1.074155574332146443e+03
1.076226193717100386e+03
1.078259704928986821e+03
1.080300823785420562e+03
1.082298531350821577e+03
1.084382049101714983e+03
1.086428878694525565e+03
1.088485526169577952e+03
1.090551458160942047e+03
1.092589426176534744e+03
1.094629653147007957e+03
1.096654862108531233e+03
1.098822250609956882e+03
1.100869593479320656e+03
1.102959573833219793e+03
1.105060383958716557e+03
1.107148211780973270e+03
1.109214056012820720e+03
1.111397875294494042e+03
1.113569539116701662e+03
1.115761429103456521e+03
1.117960229502516313e+03
1.120069583559439479e+03
1.122292622271381333e+03
1.124552853078477483e+03
1.126700073048407830e+03
1.128913805844698345e+03
1.131096127233033030e+03
1.133221764963447640e+03
1.135571212205475149e+03
1.137677681531834196e+03
1.139928546861484392e+03
1.142164760974888168e+03
1.144270041278503641e+03
1.146382965831748379e+03
1.148804267441550337e+03
1.151008670780183593e+03
1.153317502922506264e+03
1.155714020215331857e+03
1.157940879932520602e+03
1.160140925140243326e+03
1.162301382519058961e+03
1.164610682967310140e+03
1.166840423283337259e+03
1.169076336984185218e+03
1.171333705992153909e+03
1.173840033632604445e+03
1.176014117887580142e+03
1.178413570139731291e+03
1.180649050409948813e+03
1.182973656444157541e+03
1.185346933542557963e+03
1.187601525363069186e+03
1.190026025923713178e+03
1.192323698315341517e+03
1.194564442854207982e+03
1.197006959298154698e+03
1.199494063791239341e+03
1.201960031762393101e+03
1.204257670334549630e+03
1.206550564182445896e+03
1.208893222550893142e+03
1.211183325637365442e+03
1.213652125287175068e+03
1.216067223130871071e+03
1.218543196196475947e+03
1.220877206319575180e+03
1.223427151388471657e+03
1.225818850788712552e+03
1.228366197872583825e+03
1.230856972150331558e+03
1.233372327997732782e+03
1.235966398759096364e+03
1.238454369494487992e+03
1.240849681417817465e+03
1.243249798332594992e+03
1.245709690468083409e+03
1.248116213996228907e+03
1.250495034206796163e+03
1.253045954948988310e+03
1.255470171955778596e+03
1.257983516742392112e+03
1.260465695169196351e+03
1.262908400352879426e+03
1.265506805260914916e+03
1.268113180621713354e+03
1.270609366204438402e+03
1.273112229760895843e+03
1.275633444007235312e+03
1.278212451184700285e+03
1.280790620562689128e+03
1.283237274410503460e+03
1.285948817698943685e+03
1.288616907095178931e+03
1.291174133371087009e+03
1.293852839291818782e+03
1.296560447148895719e+03
1.299162574591462089e+03
1.301790040935821708e+03
1.304417099277440911e+03
1.307194036492775240e+03
1.309910701972686866e+03
1.312698227902325698e+03
1.315425237653608519e+03
1.318157285602823094e+03
1.320823700685492213e+03
1.323483019407529582e+03
1.326262013516749221e+03
1.329033584848196369e+03
1.331721833091874032e+03
1.334549245391715431e+03
1.337370946221474242e+03
1.340104681286233472e+03
1.342948924993350147e+03
1.345949003791678479e+03
1.348863757511602216e+03
1.351646570790249143e+03
1.354629792733242994e+03
1.357377782283562965e+03
1.360177632684905120e+03
1.362848728870232208e+03
1.365586541595662084e+03
1.368504898003046719e+03
1.371411860389833237e+03
1.374226459653070378e+03
1.377188540377065010e+03
1.380253613293172521e+03
1.383183247863624274e+03
1.386144870717813319e+03
1.389117149277630688e+03
1.392094976745766417e+03
1.395130092622483744e+03
1.398079979811313478e+03
1.400858801862511655e+03
1.403868054439171374e+03
1.406854095107250714e+03
1.409799607257115440e+03
1.412858202915702122e+03
1.416238454352609324e+03
1.419166574855616318e+03
1.422144448384294265e+03
1.425092975174068215e+03
1.428483452929298437e+03
1.431266364522455888e+03
1.434581556209037672e+03
1.437722413328963967e+03
1.441126772603458448e+03
1.444268102186177202e+03
1.447460069474491547e+03
1.450652321194580509e+03
1.453752756002421620e+03
1.457011521395603268e+03
1.460193510081364821e+03
1.463408029890235639e+03
1.466768777604688921e+03
1.470047797643895592e+03
1.473280627951318138e+03
1.476539202884876886e+03
1.479791088842235922e+03
1.483000166271654052e+03
1.486325322678305156e+03
1.489832890947895066e+03
1.493162977476381002e+03
1.496412769480949919e+03
1.499748447725959068e+03
1.503020694927508885e+03
1.506275827069707020e+03
1.509747122496257816e+03
1.513217487302463041e+03
1.516561693345349568e+03
1.519930265692516741e+03
1.523648927667981297e+03
1.527164340498481124e+03
1.530788962432766994e+03
1.534218948265133122e+03
1.537833894843247435e+03
1.541363254649339069e+03
1.544952725366579216e+03
1.548646918432393477e+03
1.552240526037356631e+03
1.555962171227547969e+03
1.559725344718104907e+03
1.563308757954079510e+03
1.567167977577326383e+03
1.570910730600704028e+03
1.574504117292616002e+03
1.578349551375564715e+03
1.582184567825658860e+03
1.585928569158038499e+03
1.589656556759143996e+03
1.593703478134029183e+03
1.597441450435673460e+03
1.601328395973161150e+03
1.605341810500938664e+03
1.609132365506553924e+03
1.613079861818819836e+03
1.616806958686232747e+03
1.620817289524106172e+03
1.624555745205014318e+03
1.628523075121940110e+03
1.632195775308113980e+03
1.636067171404296687e+03
1.640072762306901950e+03
1.644278282847056744e+03
1.648498530797681951e+03
1.652584831167803713e+03
1.656665631470822746e+03
1.660985722759755390e+03
1.665170978357055901e+03
1.669401289925325273e+03
1.673718427047108889e+03
1.678049649428958446e+03
1.682259179949374129e+03
1.686561089768913462e+03
1.691074269709516557e+03
1.695178072408811659e+03
1.699369764282905862e+03
1.703782563169162358e+03
1.708204630191042725e+03
1.712639073791558303e+03
1.717130154397517572e+03
1.721693424604458869e+03
1.726150519484357574e+03
1.730783346376510053e+03
1.735205199866896464e+03
1.740017007513519047e+03
1.744635308620647720e+03
1.749221107506795533e+03
1.753818192351045809e+03
1.758712955180446897e+03
1.763684762619434423e+03
1.768340794097021444e+03
1.773489473710499169e+03
1.778210986254051477e+03
1.783119544756147206e+03
1.788104542031590427e+03
1.793196012057441294e+03
1.798406216030557061e+03
1.803242248426300876e+03
1.808581621547660006e+03
1.814053352794658622e+03
1.819177394357296407e+03
1.824450603043454066e+03
1.829713535222810378e+03
1.835047247494061821e+03
1.840689337321826770e+03
1.845849232016183350e+03
1.851368324125857725e+03
1.856850659410242315e+03
1.862376344576047813e+03
1.867914017101934405e+03
1.873380356435887734e+03
1.879027432282425707e+03
1.884763784534885872e+03
1.890611852860526142e+03
1.896277080653475423e+03
1.901955197529916632e+03
1.907695919634248639e+03
1.913314640089555951e+03
1.919517881563347828e+03
1.925575734605065918e+03
1.931688534342102457e+03
1.937824727170186179e+03
1.943756476638101503e+03
1.950564057329414027e+03
1.956958948603049748e+03
1.963384253922956987e+03
1.970063682359113727e+03
1.976755863109311122e+03
1.983287130425850364e+03
1.989793124490108312e+03
1.996435889619708860e+03
2.003303559729518383e+03
2.010221080204104055e+03
2.016995619723091295e+03
2.023934935577083479e+03
2.030704069427809145e+03
2.037776178942767274e+03
2.044937312163056731e+03
2.052577352139208870e+03
2.060479970609607335e+03
2.068084438107111055e+03
2.075628045496787308e+03
2.082862138140065326e+03
2.090734343101729337e+03
2.098251408237976193e+03
2.106348432946329467e+03
2.114354876295985378e+03
2.122233131557674824e+03
2.130335571066598732e+03
2.138633410985095452e+03
2.146936505266722179e+03
2.155446571058905647e+03
2.163732022416206746e+03
2.172080108729011499e+03
2.180454374513237326e+03
2.189450364637479197e+03
2.198253140758212339e+03
2.207320822316702561e+03
2.216808641524127779e+03
2.226775945910941118e+03
2.236843502855530460e+03
2.246353376765577650e+03
2.255953010542320044e+03
2.266417903509192001e+03
2.276746304435339880e+03
2.286665053789371996e+03
2.297484168147742366e+03
2.307886104382492249e+03
2.318630147583107373e+03
2.329756001472354001e+03
2.341463489802640197e+03
2.353089519323636523e+03
2.364781177213078990e+03
2.375627713246151870e+03
2.387891908587877424e+03
2.400065546555953006e+03
2.412718517560167584e+03
2.426614470496251215e+03
2.439327085427696602e+03
2.452115525894246275e+03
2.465901321877504415e+03
2.480078986794742832e+03
2.493787286849124030e+03
2.508886870350082972e+03
2.524022201400543054e+03
2.539163715384105672e+03
2.555271706386752157e+03
2.571222905944337981e+03
2.587517834301818766e+03
2.605195395779229329e+03
2.622577414068515736e+03
2.640513969636142519e+03
2.659480553417627107e+03
2.679190508406918070e+03
2.698169822047205798e+03
2.719356376009390715e+03
2.739473751839187116e+03
2.759582296207661329e+03
2.781361701636816179e+03
2.804236226757773693e+03
2.829029120931549187e+03
2.854107448949002901e+03
2.880580711581045762e+03
2.908226936685699002e+03
2.937290016941978138e+03
2.969218384404389326e+03
3.001031922843218126e+03
3.034919289341307376e+03
3.069838577527713369e+03
3.109653862274574294e+03
3.149951021149325243e+03
3.192022171084469846e+03
3.239900538354406763e+03
3.292171072925019416e+03
3.346712113141311420e+03
3.408199114971387644e+03
3.479112886064719532e+03
3.562377556874605034e+03
3.651883985470459720e+03
3.757530244987993683e+03
3.893077242791417120e+03
4.059981299294332530e+03
4.335940536317645638e+03
4.865769028585377782e+03
