5.265131137440384190e-01
5.608618411825615491e-01
5.796982066466489503e-01
5.922894586709746001e-01
6.030541937588002055e-01
6.117404683690568223e-01
6.189878734883664801e-01
6.256542734564255470e-01
6.312621544823424635e-01
6.366807025941351172e-01
6.416321932351305435e-01
6.459986841517112444e-01
6.501051397052676206e-01
6.538894735262670288e-01
6.577476038542613423e-01
6.611300221685754153e-01
6.642822997437904942e-01
6.674087221796413116e-01
6.704258034417310830e-01
6.732078077692505991e-01
6.759304602359506031e-01
6.786089436014289822e-01
6.811210361399113733e-01
6.835965908449190831e-01
6.859826453194447504e-01
6.882939262202968367e-01
6.905959586272355510e-01
6.927452219851015780e-01
6.947938819575449898e-01
6.967788365435915177e-01
6.987199105375085928e-01
7.006636654106730422e-01
7.025525472296264562e-01
7.044966017341103282e-01
7.063311455858842791e-01
7.081635696193107066e-01
7.099779284205404162e-01
7.117164600976257915e-01
7.133067438533111648e-01
7.149504548671273829e-01
7.165831093552081921e-01
7.181670063869920462e-01
7.196691608594620870e-01
7.212170006073022055e-01
7.227066068132516063e-01
7.242046265618977685e-01
7.256334769731594969e-01
7.271183363703217495e-01
7.285299677668469753e-01
7.299392001785535156e-01
7.313307285237538036e-01
7.327012876274430209e-01
7.340617023554557585e-01
7.354385431878344148e-01
7.367706682684098674e-01
7.380746966409014176e-01
7.392958747373303829e-01
7.404454618083611273e-01
7.417011918353692002e-01
7.428937050875252801e-01
7.440630313557961006e-01
7.452728428387743742e-01
7.464495239812860561e-01
7.475958963602294949e-01
7.486648089218096436e-01
7.497890637344511999e-01
7.509658881588325841e-01
7.520689118152398267e-01
7.532035636995524364e-01
7.542377325905016416e-01
7.553844740766330057e-01
7.564161646645856107e-01
7.574941805065771305e-01
7.586263336878953378e-01
7.596856080156669799e-01
7.606740581045043914e-01
7.616640020438235625e-01
7.626600702979273727e-01
7.636408280720579089e-01
7.646568197438002867e-01
7.656394079401976915e-01
7.665716614415806207e-01
7.675441665217203058e-01
7.685281694199332936e-01
7.694922866822971885e-01
7.704223613534981752e-01
7.713470652254904580e-01
7.722786376686259224e-01
7.732378672380452178e-01
7.741743669571252706e-01
7.751086831086855256e-01
7.760435330700539147e-01
7.769874642473788562e-01
7.778573671020484470e-01
7.787126210925431335e-01
7.795890227104624870e-01
7.804671528581519357e-01
7.812888912005588882e-01
7.821670204018033035e-01
7.830061273360677809e-01
7.838585682696794787e-01
7.846849320913618087e-01
7.854968300859668240e-01
7.863319106636703637e-01
7.871519279697812843e-01
7.879421947136761029e-01
7.888119505296103950e-01
7.896734341214868280e-01
7.904864759390056728e-01
7.912815682817824214e-01
7.920802290829085379e-01
7.928633537598758219e-01
7.936840104944605789e-01
7.944512914445649443e-01
7.952364826935812703e-01
7.960314155956250692e-01
7.967676099275337043e-01
7.975547804584878220e-01
7.983266095501629911e-01
7.991145134545419859e-01
7.998756124812371748e-01
8.006226370733773301e-01
8.013669708913512268e-01
8.021478877462815404e-01
8.028810348825472509e-01
8.036254056640417254e-01
8.043277692699665193e-01
8.050374122142646138e-01
8.057792605224051163e-01
8.065282408944711712e-01
8.072157644113376884e-01
8.079879303306138905e-01
8.087075971642118111e-01
8.093888700856328722e-01
8.101129126900080690e-01
8.108122945168869666e-01
8.115180401700107238e-01
8.121980339405715510e-01
8.129047674008814672e-01
8.135990704144648866e-01
8.143074556870779634e-01
8.150181920531863744e-01
8.156997834420254279e-01
8.163872326012329150e-01
8.170645376454391817e-01
8.177311391878948621e-01
8.183554669678353433e-01
8.190125653031780084e-01
8.196457223119427704e-01
8.203209715546569969e-01
8.209823216355799369e-01
8.216417920465629576e-01
8.222993477230449155e-01
8.229211150340596248e-01
8.235351539618060990e-01
8.241623991836845020e-01
8.247937242165961358e-01
8.254204830269930016e-01
8.260612054248450686e-01
8.267228996758687609e-01
8.273292383268605610e-01
8.280000973206202985e-01
8.286691302224729050e-01
8.292904756387270426e-01
8.299529019095578386e-01
8.305675736277728927e-01
8.311675698634308773e-01
8.317972138110775182e-01
8.324012574211013815e-01
8.330144481409434976e-01
8.336386684439406336e-01
8.342520411661529245e-01
8.348773078440526740e-01
8.354748822208550862e-01
8.360932162355040331e-01
8.366765540638407828e-01
8.372766555044171000e-01
8.378839775773887499e-01
8.385074741508620200e-01
8.391285601055745724e-01
8.397320589048017370e-01
8.403149855407047175e-01
8.409358158890537505e-01
8.415599835760364522e-01
8.421581817915233525e-01
8.427143868601792986e-01
8.433059037882887354e-01
8.438823788845317697e-01
8.444370259199616147e-01
8.450000686239385050e-01
8.455771618771620313e-01
8.461818656375456049e-01
8.467320590921341150e-01
8.473179093187537259e-01
8.479062251244061654e-01
8.484961259583281290e-01
8.490734291887430674e-01
8.496453298773531948e-01
8.502494558215841769e-01
8.507878309552252549e-01
8.513664745506231979e-01
8.519642891994416711e-01
8.525421481052640749e-01
8.531077221654613796e-01
8.536524951904309599e-01
8.542359118651012828e-01
8.547829174291178278e-01
8.553774256021967615e-01
8.559419993509312929e-01
8.565289119128511874e-01
8.571046743875055940e-01
8.576680661825125673e-01
8.582059337916182473e-01
8.587657619854641711e-01
8.593032371752521437e-01
8.598154772400503632e-01
8.603775718605086720e-01
8.609334057757801473e-01
8.614755408261410841e-01
8.620153784564931199e-01
8.625500178398814999e-01
8.630854729208500276e-01
8.636090700223718608e-01
8.641178823343999005e-01
8.646592097675035449e-01
8.652056600132890241e-01
8.657415803383244901e-01
8.662584071125153384e-01
8.667804340178154598e-01
8.673065621750756238e-01
8.678616554999503130e-01
8.683705273234495481e-01
8.688968385776540959e-01
8.694085676791130091e-01
8.699370454793767804e-01
8.704473536337196116e-01
8.709567328258296381e-01
8.714502300891356912e-01
8.720011846386273024e-01
8.725253002997660490e-01
8.730552701067467725e-01
8.735345598158449354e-01
8.740417690796135064e-01
8.745608586615831737e-01
8.750805464729003447e-01
8.755833786592706058e-01
8.761007938093648972e-01
8.765899375293615403e-01
8.771195017267888749e-01
8.776275583054297114e-01
8.781376586332731993e-01
8.786429572929375098e-01
8.791640056311720297e-01
8.796787055391459553e-01
8.801271747534628043e-01
8.805981367196719090e-01
8.811139710241937539e-01
8.816048274949264130e-01
8.821089456722474020e-01
8.825954073700860159e-01
8.830770591442955730e-01
8.835997960171121379e-01
8.840989022144434273e-01
8.845903116407134448e-01
8.850840262285409876e-01
8.855773942009332877e-01
8.860705795840289056e-01
8.865475327914659198e-01
8.870554686790875776e-01
8.875301693984112283e-01
8.880216607117513705e-01
8.885141482562727289e-01
8.890068848806230717e-01
8.894867375996312608e-01
8.899762375473111442e-01
8.904502237753566529e-01
8.909643466731737016e-01
8.914297337158937351e-01
8.919077032199050903e-01
8.923920081160234830e-01
8.928830883524156992e-01
8.933746761643309720e-01
8.938588499817159416e-01
8.943390952316369047e-01
8.948048117393005985e-01
8.952783093440879192e-01
8.957613820290419859e-01
8.962358287302067961e-01
8.966976666381244465e-01
8.971850445028047849e-01
8.976567013111697024e-01
8.981551608415372367e-01
8.986453211060251300e-01
8.991332924131123505e-01
8.996115755148708093e-01
9.000869464698456612e-01
9.005542773295995840e-01
9.010221277936196760e-01
9.014935227144580399e-01
9.019664479495194120e-01
9.024377380428511009e-01
9.029137143534994303e-01
9.033801203196081264e-01
9.038470867390840935e-01
9.043359600619971239e-01
9.048130183518745540e-01
9.052926156269215374e-01
9.057389829866790976e-01
9.061734340361733420e-01
9.066236734443986478e-01
9.070869743058774803e-01
9.075606693119091517e-01
9.080129391665653360e-01
9.084858844912335751e-01
9.089931614217849898e-01
9.094671042724019605e-01
9.099229210675611190e-01
9.103846960686947654e-01
9.108544450155509065e-01
9.113201909771598830e-01
9.117891904716344254e-01
9.122672682150441137e-01
9.127307710032435129e-01
9.132095877223415092e-01
9.136705538272419380e-01
9.141368450315507932e-01
9.145906947184228031e-01
9.150665308898441319e-01
9.155182182655654533e-01
9.159661959680867049e-01
9.164409513789167905e-01
9.168928156783987538e-01
9.173516754873808354e-01
9.178040916923285719e-01
9.182504889602697284e-01
9.187126612428723194e-01
9.191597509104072472e-01
9.196038042918482924e-01
9.200869942768659104e-01
9.205397641685967303e-01
9.209736004711660540e-01
9.214640278036141385e-01
9.219206540839733899e-01
9.223781014571662551e-01
9.228417510996740347e-01
9.233258682231298975e-01
9.237309987902094788e-01
9.241606904207528839e-01
9.246295135397150089e-01
9.250789087434247993e-01
9.255395366495495768e-01
9.259839321084495367e-01
9.264077985902443579e-01
9.268678260167876326e-01
9.273323374160676869e-01
9.277971439716754531e-01
9.282292307331752035e-01
9.286679567274290781e-01
9.290829552282997561e-01
9.295189341677202455e-01
9.299987791174882945e-01
9.304731556331504727e-01
9.309204694309760608e-01
9.313699782910388469e-01
9.318033821355331536e-01
9.322409357080447823e-01
9.326859376814415903e-01
9.331294528939870769e-01
9.336050973868961211e-01
9.340693102700677874e-01
9.345190615191445449e-01
9.349700411138986977e-01
9.354026155888773841e-01
9.358493469901048023e-01
9.363145014998410787e-01
9.367682626036627491e-01
9.372379026794724899e-01
9.376717341108987691e-01
9.381117295938634637e-01
9.385306470715962801e-01
9.389657836163236571e-01
9.393916049283502767e-01
9.398213910122458215e-01
9.402617174143365064e-01
9.406896935923568792e-01
9.411041175060878006e-01
9.415252949023262818e-01
9.419558390976349171e-01
9.423763094398081019e-01
9.428163099499344835e-01
9.432331452780500225e-01
9.436684789522916672e-01
9.440910124630573774e-01
9.445203849721163225e-01
9.449466829829437087e-01
9.453931367061002566e-01
9.458253174380096828e-01
9.462572672305846755e-01
9.467045266134206383e-01
9.471506881396348776e-01
9.475913359610271813e-01
9.480163343718808200e-01
9.484439656995053980e-01
9.489010084814193391e-01
9.493303659805081285e-01
9.497701079631523102e-01
9.502085509193402002e-01
9.506380253981006057e-01
9.510821903232664631e-01
9.514865349762815505e-01
9.519410232971793340e-01
9.523928943954850235e-01
9.528013597384351607e-01
9.532552430769639651e-01
9.536857025980758351e-01
9.541475624624601304e-01
9.545756504958342603e-01
9.550129369560564907e-01
9.554335767443145055e-01
9.558550891537390681e-01
9.562952377894199385e-01
9.567488107905175454e-01
9.571889624635381288e-01
9.576305611971313025e-01
9.580650586978252115e-01
9.584777281039744690e-01
9.588824442243203405e-01
9.593308581306626559e-01
9.597507596558546572e-01
9.601704189095728870e-01
9.606032423822717936e-01
9.610502025511765689e-01
9.615070045827500689e-01
9.619162670164578266e-01
9.623668519242374320e-01
9.628218189078299183e-01
9.632416094661879757e-01
9.636685471117379942e-01
9.641025190077834317e-01
9.645038496572742037e-01
9.649364378558010769e-01
9.653639925062694749e-01
9.658054427826283650e-01
9.662411896274648582e-01
9.666651778240238357e-01
9.670806729514542788e-01
9.675212488047578718e-01
9.679545721995396201e-01
9.683937763149615963e-01
9.688243258907303090e-01
9.692472098929613145e-01
9.696945207674658729e-01
9.701271463038098064e-01
9.705772709262993070e-01
9.710123939752232092e-01
9.714395186768295387e-01
9.718713377640775253e-01
9.723210498104433164e-01
9.727573308433946631e-01
9.731899514987956135e-01
9.736090243592453453e-01
9.740314249817694225e-01
9.744545614079973550e-01
9.749150331241971390e-01
9.753489752072399543e-01
9.757749281873164815e-01
9.762021584116350459e-01
9.766551681431855370e-01
9.770936886778721631e-01
9.775499430050340610e-01
9.779916839048825583e-01
9.784212461420359608e-01
9.788506814530080202e-01
9.792981509896733217e-01
9.797658564130513614e-01
9.801935632315419422e-01
9.806331184095381515e-01
9.810537040950969567e-01
9.814935477767235961e-01
9.819392456886989473e-01
9.823745492397993884e-01
9.828251493737285571e-01
9.832683404444159114e-01
9.837228012138674593e-01
9.841525251879680303e-01
9.845782405651324343e-01
9.850076422236131446e-01
9.854423916505425929e-01
9.858694364311270109e-01
9.862854143243106053e-01
9.867263338139492523e-01
9.871937220450114348e-01
9.876453214643116096e-01
9.880958240041753937e-01
9.885307894316540667e-01
9.889567195784828568e-01
9.894084755827634581e-01
9.898253430708112699e-01
9.902440079845487020e-01
9.906966633722731341e-01
9.911132496237174960e-01
9.915408131343084186e-01
9.919730547266055742e-01
9.924095806176260748e-01
9.928546570300537111e-01
9.933021526766779852e-01
9.937391847938177314e-01
9.941838781973227901e-01
9.946055041388565110e-01
9.950116788382931121e-01
9.954459765706158425e-01
9.958944194597150190e-01
9.963182892099525789e-01
9.967383006484835661e-01
9.971827718525275719e-01
9.976301729983431121e-01
9.980576486854020324e-01
9.984915214741059142e-01
9.989100898239720028e-01
9.993241843421721837e-01
9.997462668273973119e-01
1.000181054721393403e+00
1.000607129026064301e+00
1.001069613555232607e+00
1.001493771340375316e+00
1.001933632236269300e+00
1.002401487660085744e+00
1.002833267857129895e+00
1.003256740494433696e+00
1.003690431588467380e+00
1.004129474217397178e+00
1.004583118409642539e+00
1.005043708031487570e+00
1.005470965251383797e+00
1.005920901029057068e+00
1.006384377362565585e+00
1.006828453649857069e+00
1.007256850737677345e+00
1.007669156057620752e+00
1.008129663480163085e+00
1.008578134602754250e+00
1.009024204106818479e+00
1.009470646458490162e+00
1.009899351015731916e+00
1.010339955695509717e+00
1.010770967887369087e+00
1.011210128035912925e+00
1.011664385601666716e+00
1.012098380614367743e+00
1.012526242217435923e+00
1.012982465397486820e+00
1.013426923460213791e+00
1.013869121263940798e+00
1.014299661537643615e+00
1.014726363959377986e+00
1.015178352852099675e+00
1.015614605533470494e+00
1.016044964311228371e+00
1.016481498827196628e+00
1.016918948250796761e+00
1.017370680321731058e+00
1.017818350462878607e+00
1.018258481662391635e+00
1.018698135506083569e+00
1.019149486758420986e+00
1.019606250504771161e+00
1.020064926637347158e+00
1.020511732587275677e+00
1.020945215398431305e+00
1.021382443589084366e+00
1.021860191370197679e+00
1.022312931905660527e+00
1.022754452172734974e+00
1.023200273233967339e+00
1.023648311502840302e+00
1.024095847424610684e+00
1.024535035930155491e+00
1.025021117244302893e+00
1.025470719909284734e+00
1.025931828170485449e+00
1.026416725345164371e+00
1.026866615754238543e+00
1.027321015334114795e+00
1.027772778974663126e+00
1.028205863247800611e+00
1.028636140508150998e+00
1.029106973914891032e+00
1.029582876104857991e+00
1.030017779393022526e+00
1.030473527107411469e+00
1.030931306544855319e+00
1.031378241056498224e+00
1.031851599666407493e+00
1.032317708114402821e+00
1.032751700646292070e+00
1.033216190545627189e+00
1.033654370214703633e+00
1.034125605781615054e+00
1.034603740485750878e+00
1.035043854164128252e+00
1.035512268036087757e+00
1.035984842424213737e+00
1.036472933334458890e+00
1.036932952641573147e+00
1.037408169618257991e+00
1.037845916245673239e+00
1.038307995016997998e+00
1.038761999873553332e+00
1.039264436127554259e+00
1.039748521450556185e+00
1.040210948641202116e+00
1.040680395226769361e+00
1.041168031424779095e+00
1.041682749172525568e+00
1.042164681146470429e+00
1.042642019682468169e+00
1.043103764435736602e+00
1.043561598686369996e+00
1.044032117188344877e+00
1.044508906028265738e+00
1.044965338918576903e+00
1.045433168751970232e+00
1.045918271911208342e+00
1.046382344991236168e+00
1.046843073971309268e+00
1.047321458167667307e+00
1.047786479152535533e+00
1.048288558816114824e+00
1.048752578225378818e+00
1.049223438106581918e+00
1.049682506306765628e+00
1.050166444555908685e+00
1.050647089318142768e+00
1.051140008474075627e+00
1.051632143293561139e+00
1.052110913675280202e+00
1.052570332254031404e+00
1.053072321674294987e+00
1.053544691140966272e+00
1.053998668394116045e+00
1.054472663196246440e+00
1.054977667595707880e+00
1.055452803022031372e+00
1.055949631461146287e+00
1.056441456586256100e+00
1.056945729343175655e+00
1.057443099831639310e+00
1.057923807274393946e+00
1.058383665175667288e+00
1.058853325080872931e+00
1.059350763784898231e+00
1.059842928258287298e+00
1.060320833890703973e+00
1.060788559603805581e+00
1.061285921312753011e+00
1.061802398242199574e+00
1.062293398968394476e+00
1.062782012263608467e+00
1.063272648737312753e+00
1.063744573144486782e+00
1.064224477557403681e+00
1.064720012575769204e+00
1.065212375277509116e+00
1.065689477158118459e+00
1.066199532139334716e+00
1.066693070816967071e+00
1.067189440515022403e+00
1.067731872358055778e+00
1.068238345229244102e+00
1.068768426351990097e+00
1.069279045968599906e+00
1.069787967755551517e+00
1.070289059942680421e+00
1.070794343418512096e+00
1.071299646197305222e+00
1.071809070231707350e+00
1.072321300298280988e+00
1.072845355536337086e+00
1.073338371405155645e+00
1.073860464381221735e+00
1.074354057429945497e+00
1.074888843202421063e+00
1.075417722620425343e+00
1.075916265603527044e+00
1.076421169680488621e+00
1.076915585841782264e+00
1.077416767409374199e+00
1.077901168243933006e+00
1.078425324322243917e+00
1.078934345045693188e+00
1.079438494397397585e+00
1.079959029194838882e+00
1.080459552654739142e+00
1.080982622021525064e+00
1.081502623491412018e+00
1.082026321499063304e+00
1.082537405448244394e+00
1.083066004198737886e+00
1.083570886328842020e+00
1.084095755053953170e+00
1.084616799801192411e+00
1.085161230974879709e+00
1.085689652185367837e+00
1.086235441708912841e+00
1.086773481982278300e+00
1.087283146195344941e+00
1.087805890747260307e+00
1.088327885484006829e+00
1.088854644183369524e+00
1.089357035527916517e+00
1.089927080947440619e+00
1.090471782581468263e+00
1.091009451143690301e+00
1.091512940712958457e+00
1.092028632731777193e+00
1.092561292537118200e+00
1.093111045201035747e+00
1.093656958158089498e+00
1.094190154761841338e+00
1.094755182537245242e+00
1.095325100363553128e+00
1.095846150131835062e+00
1.096390444205171733e+00
1.096953920160443907e+00
1.097512909896563027e+00
1.098052465398440702e+00
1.098640904844730759e+00
1.099190292371313049e+00
1.099725669269841388e+00
1.100310833496335849e+00
1.100872456063236582e+00
1.101458012451048019e+00
1.102000349517014088e+00
1.102634176813132028e+00
1.103195411295447403e+00
1.103755159843573086e+00
1.104317161481026321e+00
1.104864253986492795e+00
1.105438474057584219e+00
1.106017771164216512e+00
1.106634497204349588e+00
1.107242063393090614e+00
1.107817002965991726e+00
1.108360150579551950e+00
1.108955622523831064e+00
1.109526967464765645e+00
1.110117465379627966e+00
1.110692528158876868e+00
1.111259311121572502e+00
1.111836436127759509e+00
1.112436991641568174e+00
1.112995266314139808e+00
1.113587773701790962e+00
1.114145816520139443e+00
1.114741436769902450e+00
1.115328014492711350e+00
1.115915683890021715e+00
1.116490741297470946e+00
1.117102712087288063e+00
1.117709858061280093e+00
1.118324558548012382e+00
1.118905692527101259e+00
1.119501344808325305e+00
1.120104313189539180e+00
1.120699132962532207e+00
1.121285617015510327e+00
1.121890384251684969e+00
1.122511347452247676e+00
1.123167897774006496e+00
1.123782213738511615e+00
1.124397420693407312e+00
1.125028724443687844e+00
1.125643922140280084e+00
1.126296417155157492e+00
1.126922247889239559e+00
1.127550980269109937e+00
1.128213816940817793e+00
1.128815849726777065e+00
1.129446847011338573e+00
1.130056950648752556e+00
1.130706702986391310e+00
1.131317006435844208e+00
1.131969677575242361e+00
1.132613228996224075e+00
1.133267963698558756e+00
1.133906167275637422e+00
1.134546131932784974e+00
1.135219726802226159e+00
1.135889815828640348e+00
1.136580091212095356e+00
1.137227719616539900e+00
1.137848218349821083e+00
1.138522471915205392e+00
1.139177104065965507e+00
1.139848458670456477e+00
1.140504077063054567e+00
1.141186394138933746e+00
1.141859923938709276e+00
1.142522018649504867e+00
1.143142464204548681e+00
1.143809059612742152e+00
1.144468201732403490e+00
1.145135048258872912e+00
1.145851159373131978e+00
1.146484220636191820e+00
1.147166747215237592e+00
1.147890503584314104e+00
1.148583646212504750e+00
1.149262734130018115e+00
1.149947152906439118e+00
1.150664191762540423e+00
1.151380791111033197e+00
1.152061964800792371e+00
1.152771606254560766e+00
1.153439219879009547e+00
1.154127415499607290e+00
1.154813793032134495e+00
1.155546014504249541e+00
1.156266658445958218e+00
1.156991053574950357e+00
1.157711103164096311e+00
1.158461900277918621e+00
1.159185149906005075e+00
1.159937229683460247e+00
1.160697043251549765e+00
1.161405597570980497e+00
1.162153813051013840e+00
1.162902080116444026e+00
1.163660671434427973e+00
1.164448941480775268e+00
1.165230807855800688e+00
1.165977912774156300e+00
1.166730658846240276e+00
1.167530607706478429e+00
1.168311119786588526e+00
1.169057672146974314e+00
1.169852979308303675e+00
1.170646498573908012e+00
1.171418065537615849e+00
1.172185357452290466e+00
1.172995332645509370e+00
1.173807819286417420e+00
1.174624827976235020e+00
1.175432636163081801e+00
1.176249452173571353e+00
1.177031438507230909e+00
1.177848668288088430e+00
1.178659656150697232e+00
1.179489365485191232e+00
1.180341021792651768e+00
1.181174462159360505e+00
1.181968850009361027e+00
1.182778376924890296e+00
1.183639289311898768e+00
1.184521950063805118e+00
1.185384461716982418e+00
1.186211369876708055e+00
1.187061986223429511e+00
1.187946625407563683e+00
1.188828300006473437e+00
1.189645994599081380e+00
1.190520478007547123e+00
1.191355595357812991e+00
1.192235931109319136e+00
1.193109101796012261e+00
1.194006347339031660e+00
1.194916695185620936e+00
1.195807519676111097e+00
1.196669763882625137e+00
1.197574207167693361e+00
1.198492910455275284e+00
1.199365683629303403e+00
1.200335917284452547e+00
1.201281829153397984e+00
1.202265200644444088e+00
1.203200536175058621e+00
1.204158798230267946e+00
1.205124942501910379e+00
1.206106310736942078e+00
1.207087276483567617e+00
1.208008814391324126e+00
1.208971101118039515e+00
1.209959510776883906e+00
1.210945741005467813e+00
1.211898102484244788e+00
1.212929423847822541e+00
1.214009323826038544e+00
1.215060507790021394e+00
1.216041626340245818e+00
1.217145023306652529e+00
1.218184034360211498e+00
1.219156803143143231e+00
1.220203570359917222e+00
1.221304034168506858e+00
1.222331760802325640e+00
1.223326759832984445e+00
1.224460089231091064e+00
1.225580587893229101e+00
1.226642511922587220e+00
1.227739369129287939e+00
1.228859354675776450e+00
1.229975108940778439e+00
1.231126601762323025e+00
1.232276590762968249e+00
1.233395116696409888e+00
1.234581634835609343e+00
1.235812096548418060e+00
1.236967687669399574e+00
1.238178450002221709e+00
1.239385311094619135e+00
1.240584964039675109e+00
1.241852853683878877e+00
1.243140841981858813e+00
1.244419862134753307e+00
1.245675151144933768e+00
1.246929140908084710e+00
1.248212777423281850e+00
1.249536699989776123e+00
1.250942787326029260e+00
1.252348986436943923e+00
1.253609791498269344e+00
1.255009150660735928e+00
1.256425170995543628e+00
1.257761895065905522e+00
1.259186705832124442e+00
1.260591417819227011e+00
1.261969544753107186e+00
1.263399805950261356e+00
1.264872818264760390e+00
1.266341407243877892e+00
1.267844152276099923e+00
1.269343948101316677e+00
1.270859886059439781e+00
1.272425437282049820e+00
1.274009687104532329e+00
1.275595811733002627e+00
1.277266308685633955e+00
1.278907187805669921e+00
1.280513181018691604e+00
1.282191484024910455e+00
1.283906912981443771e+00
1.285616236915230637e+00
1.287409662281374212e+00
1.289116803842125902e+00
1.290885300430540727e+00
1.292704662298899132e+00
1.294532990528070915e+00
1.296324373634307081e+00
1.298268705061555561e+00
1.300220397841133080e+00
1.302197557224149094e+00
1.304142685117438027e+00
1.306245324226318116e+00
1.308220757131260514e+00
1.310362152151343995e+00
1.312492090461733207e+00
1.314697537902765223e+00
1.316874531600500831e+00
1.319217262647779165e+00
1.321592565745116854e+00
1.323782051575755681e+00
1.326086163164608811e+00
1.328687336847087730e+00
1.331095724007319570e+00
1.333664813430013529e+00
1.336298586763272844e+00
1.339227824114373133e+00
1.342001048180374134e+00
1.344958413884998816e+00
1.348042142838686619e+00
1.351139656367102537e+00
1.354281931454011545e+00
1.357379138734489565e+00
1.360878546730186267e+00
1.364317907511129579e+00
1.367696770273084450e+00
1.371346956920783455e+00
1.375133857486479760e+00
1.379188062391318859e+00
1.383336064985261737e+00
1.387537732572169391e+00
1.392101370756774203e+00
1.396945000671981685e+00
1.401802924759046887e+00
1.406973009415322773e+00
1.412292029592711495e+00
1.418146573659112120e+00
1.424581779264501913e+00
1.431705447225141814e+00
1.438846957170013985e+00
1.446920865934580247e+00
1.455881120842533072e+00
1.465240828488511449e+00
1.475522401227262081e+00
1.488054233178191410e+00
1.502415060146037762e+00
1.521806281170380082e+00
1.546654092988771989e+00
1.582262477553721292e+00
1.644321979328696726e+00
