5.291944903379401932e-01
5.618557574667100152e-01
5.806204078808318014e-01
5.933972985962882030e-01
6.039204874859275263e-01
6.125450770832651104e-01
6.195410044657374549e-01
6.255599863497789404e-01
6.315830016125432156e-01
6.366587398323532154e-01
6.416117479746837882e-01
6.461004992681493864e-01
6.501150144089758998e-01
6.540749759198410951e-01
6.577746836748700199e-01
6.612283459432656274e-01
6.644807636617047208e-01
6.676627991740716750e-01
6.706414244032609107e-01
6.735637746202987053e-01
6.762957769530111296e-01
6.788339139663531752e-01
6.814636479952895787e-01
6.839664281218885700e-01
6.864531581472781419e-01
6.886477904439192166e-01
6.908441377478803380e-01
6.929512473557151164e-01
6.950977685777588455e-01
6.971559426287605721e-01
6.991945027400385815e-01
7.012230398074724702e-01
7.031610375508031696e-01
7.049565473450594144e-01
7.067900214632556466e-01
7.085617078089893051e-01
7.103041310998138291e-01
7.120306323469104415e-01
7.136652964596358339e-01
7.153213906233159003e-01
7.170607335333744059e-01
7.186582711743250140e-01
7.202635630256818411e-01
7.217028069859215966e-01
7.231176584537625240e-01
7.246349669058811394e-01
7.260781405359367779e-01
7.275559100908879362e-01
7.289718024481181002e-01
7.303679912552137887e-01
7.317701438556811766e-01
7.331318179066992347e-01
7.344452287291454162e-01
7.357371804311700902e-01
7.370670640681292740e-01
7.383473094212339438e-01
7.396329364670182205e-01
7.408772704152559729e-01
7.421060087302152608e-01
7.433874247954375125e-01
7.446220987602388819e-01
7.457744085796242928e-01
7.469357513598501308e-01
7.480662392910196745e-01
7.492356737649139564e-01
7.504043147210491815e-01
7.515355503597147546e-01
7.526230047604123286e-01
7.536666642800026183e-01
7.548152231749426511e-01
7.559116560389002037e-01
7.570017924747290960e-01
7.580568762789019477e-01
7.591153206143553822e-01
7.601444951300634356e-01
7.611075328185078481e-01
7.621107002665507002e-01
7.630903220488426397e-01
7.641363766362965215e-01
7.651387344608271412e-01
7.660723125906931941e-01
7.670449815761908319e-01
7.680645272067379015e-01
7.690612865484462990e-01
7.700202271413032484e-01
7.709805252341302984e-01
7.719325190777238666e-01
7.728820194240527686e-01
7.737818737656503298e-01
7.747222482399780397e-01
7.756279328435680132e-01
7.764895764205989037e-01
7.773891950611810930e-01
7.782806376596038689e-01
7.792348981891431547e-01
7.801718035520129879e-01
7.810655475135079850e-01
7.819184219127431890e-01
7.828420516376667360e-01
7.836828827358350846e-01
7.845383594598811516e-01
7.853791515213469632e-01
7.861654822216588290e-01
7.869345942362552249e-01
7.877520963975418455e-01
7.885947103141969228e-01
7.894268896508817024e-01
7.902469500573825467e-01
7.910636060124796032e-01
7.918837314132610716e-01
7.927185291845796344e-01
7.934871955666884524e-01
7.942532772513503092e-01
7.950138007730632728e-01
7.957760341315686103e-01
7.965742484809473778e-01
7.972861753297090237e-01
7.980405144657914951e-01
7.987728017650456147e-01
7.995589336165457306e-01
8.003221857044077181e-01
8.010622575151172819e-01
8.018119965116861092e-01
8.025536444434322458e-01
8.033136829535587609e-01
8.040516908052753875e-01
8.047915788014906591e-01
8.055035585438911072e-01
8.062311178145979973e-01
8.069409310908044475e-01
8.076606803340612428e-01
8.083687834983841469e-01
8.091109975232471108e-01
8.098366498204028208e-01
8.105366751120378632e-01
8.112645273341207997e-01
8.119682718640754970e-01
8.126623643788125628e-01
8.133948897274483336e-01
8.140980798453804068e-01
8.147226355132689557e-01
8.153930310869561549e-01
8.161404224429522625e-01
8.167853609308031171e-01
8.174356366003653340e-01
8.180906263326376271e-01
8.187835025318029869e-01
8.194326131055071905e-01
8.200953012456766444e-01
8.207440668786918359e-01
8.213843566232725824e-01
8.220513644000533304e-01
8.226755701194606862e-01
8.233407752273532720e-01
8.239715523997085400e-01
8.246461557709956480e-01
8.253002164498369764e-01
8.259377950880641972e-01
8.265828260251941728e-01
8.272166225751389490e-01
8.278469994967880830e-01
8.284690910627720006e-01
8.290918382996272928e-01
8.297114871186139773e-01
8.303476301534959969e-01
8.309769279400675002e-01
8.316301025532718549e-01
8.322548390168315047e-01
8.328775245213136946e-01
8.334623029941964356e-01
8.340597868452823693e-01
8.346304872867638114e-01
8.352344704797199926e-01
8.358586002701628992e-01
8.364810972328551308e-01
8.370844021524439516e-01
8.376671315600786594e-01
8.382858036472247143e-01
8.388711867604178307e-01
8.394590120146523393e-01
8.400830471011462297e-01
8.406959608342152723e-01
8.412848799563249491e-01
8.419292803026524608e-01
8.424935642574843397e-01
8.430793906209106403e-01
8.436664660326502752e-01
8.442710921161560300e-01
8.448293038451898385e-01
8.454020924475139642e-01
8.459621384357376428e-01
8.465453585870049702e-01
8.471256153916718601e-01
8.477014442750923084e-01
8.482543752847636620e-01
8.488212448154819345e-01
8.494024018721190172e-01
8.500086349473190417e-01
8.505698505239358553e-01
8.511205916766940716e-01
8.516669251432805732e-01
8.521835207291036385e-01
8.527461277770135295e-01
8.533051240435477469e-01
8.538429449904181290e-01
8.543786244034440314e-01
8.549347104737874403e-01
8.554926194880407841e-01
8.560421165513705244e-01
8.565548976288868133e-01
8.570975782281143873e-01
8.576715317615208889e-01
8.582202771381857165e-01
8.587535651856923469e-01
8.593200613420117762e-01
8.598533316759126022e-01
8.603784016099912391e-01
8.608963402557521238e-01
8.614445436108302268e-01
8.619419580222766886e-01
8.624878094780713544e-01
8.630238764505475668e-01
8.635459424331787259e-01
8.640891247841737677e-01
8.646288215431783275e-01
8.651563979716277997e-01
8.656734114780629818e-01
8.661943906151147177e-01
8.667282697172454808e-01
8.672592842310209438e-01
8.677673228262348104e-01
8.682955618347263371e-01
8.687986791206921966e-01
8.693101974729370296e-01
8.698339247466833069e-01
8.703521541407460704e-01
8.708455183436838443e-01
8.713950695021156490e-01
8.719203277367510996e-01
8.724534492241766692e-01
8.729734683904818437e-01
8.734689268995033951e-01
8.739911682057149855e-01
8.745304622855748500e-01
8.750369705321959790e-01
8.755713426173659109e-01
8.760933067192308021e-01
8.766105880564437625e-01
8.771536409181240890e-01
8.776737192297492385e-01
8.781646653121970569e-01
8.786726634372153955e-01
8.791846314710445309e-01
8.796866836059816785e-01
8.801901690337029516e-01
8.806788269882666054e-01
8.811969094080628340e-01
8.817090352862700930e-01
8.822096989480381346e-01
8.826951286363036164e-01
8.831950893427021887e-01
8.836743382405350955e-01
8.841524230512367577e-01
8.846389230821686267e-01
8.851351495765920063e-01
8.856156162468007409e-01
8.861325720214160429e-01
8.866155972040785649e-01
8.870830162507887806e-01
8.875515032958343209e-01
8.880208813205998641e-01
8.885126268092585766e-01
8.889754467784550807e-01
8.894677296717843351e-01
8.899549372625408239e-01
8.904910618316731474e-01
8.909864802817600848e-01
8.914571305816499924e-01
8.919241092796581505e-01
8.924052830916637813e-01
8.928960538576783401e-01
8.933922691377041980e-01
8.938865363163457367e-01
8.943495149897846552e-01
8.948417954666990637e-01
8.953106707193088099e-01
8.958035311309135995e-01
8.962779587212534871e-01
8.967539947221007113e-01
8.972461425504503207e-01
8.977224719889430604e-01
8.982075710572482441e-01
8.986821531646976835e-01
8.991420780880146069e-01
8.996273150586867606e-01
9.001178297409525575e-01
9.006048036815471614e-01
9.010854293173046203e-01
9.015662904895527241e-01
9.020213816634743420e-01
9.024961240288725817e-01
9.029596343428393235e-01
9.034595116341672671e-01
9.039386137332834359e-01
9.044121737305385045e-01
9.048893914072614342e-01
9.053524332455744617e-01
9.058478270462286819e-01
9.063180619604180865e-01
9.067782181364870686e-01
9.072602233372171199e-01
9.077240607481421586e-01
9.081800422270266404e-01
9.086557274586466448e-01
9.091384664211015210e-01
9.095849416312847824e-01
9.100624338366976041e-01
9.105404686088394151e-01
9.110011219277450722e-01
9.114316102536634823e-01
9.118869143834194002e-01
9.123600673790676074e-01
9.128407182663067498e-01
9.132917919390624029e-01
9.137381265768173000e-01
9.142074840360491228e-01
9.146582021494996662e-01
9.151118627322459842e-01
9.155770823396197633e-01
9.160569276411643092e-01
9.164977822121609385e-01
9.169518845313708866e-01
9.174147433697282805e-01
9.178722267606770346e-01
9.183266703143068144e-01
9.187880841411139032e-01
9.192378425881378989e-01
9.196923489786515971e-01
9.201596515449941283e-01
9.206113808338470816e-01
9.210501166115621086e-01
9.215022736435217743e-01
9.219549215166183975e-01
9.224169272362663374e-01
9.228586036613485311e-01
9.233201245703309690e-01
9.237598101456634403e-01
9.242121614639795535e-01
9.246478447357762143e-01
9.251103854301867546e-01
9.255403883839632417e-01
9.259921904640301404e-01
9.264378996874724770e-01
9.268838765094244980e-01
9.273165384406941714e-01
9.277400862022261441e-01
9.282273524744649729e-01
9.286877705715814724e-01
9.291579204468038977e-01
9.296090412029636152e-01
9.300570002999222208e-01
9.305030652041368366e-01
9.309681865825674141e-01
9.314315588746215901e-01
9.318893510356492937e-01
9.323295258919285233e-01
9.327688307705407356e-01
9.332220735593709238e-01
9.336681316520333285e-01
9.340966251608326942e-01
9.345199803293778862e-01
9.349640235710114933e-01
9.354218043576973951e-01
9.358625688502700823e-01
9.363154639036439519e-01
9.367647761505843995e-01
9.371905915258937902e-01
9.376194469349412586e-01
9.380666945095832432e-01
9.385251399645453407e-01
9.389433140980447678e-01
9.394019718797037566e-01
9.398606820952167817e-01
9.402840658591223866e-01
9.407328224918946047e-01
9.411675020957471771e-01
9.416007303245044202e-01
9.420640641897672918e-01
9.425131541680149549e-01
9.429378688342442416e-01
9.433738253285879338e-01
9.438012075783868138e-01
9.442365310761742236e-01
9.446655007764884759e-01
9.451170978507956733e-01
9.455535112749998694e-01
9.459687463117077977e-01
9.464209034973293244e-01
9.468123576105991202e-01
9.472398307857365918e-01
9.476694946037038658e-01
9.480972525195568990e-01
9.485186633042956839e-01
9.489382785105678897e-01
9.493675765413671641e-01
9.497962116810861888e-01
9.502224832062108328e-01
9.506466712163422761e-01
9.510781621742818714e-01
9.515078712215502277e-01
9.519503624579745971e-01
9.523988773993534718e-01
9.528264575202880504e-01
9.532673454946274383e-01
9.537046105173271338e-01
9.541292107189925931e-01
9.545580239595296002e-01
9.550021449384062944e-01
9.554494659644524601e-01
9.558761089391952792e-01
9.562902438566338592e-01
9.567177868601386415e-01
9.571329429462518412e-01
9.575750293550481240e-01
9.580082196036154851e-01
9.584478678291884490e-01
9.588573760318704897e-01
9.592740896888422020e-01
9.596868517018231071e-01
9.601533862689382026e-01
9.605689590132389100e-01
9.609831707551517166e-01
9.614232938834281761e-01
9.618750549677942407e-01
9.623150035852704454e-01
9.627431601582968623e-01
9.631472830039263799e-01
9.635717097157467936e-01
9.640275398883252356e-01
9.644584012142830565e-01
9.648818206273848119e-01
9.653245266758722076e-01
9.657539624459250405e-01
9.661882308627330884e-01
9.666354204644802550e-01
9.670535019999092485e-01
9.674848497913773882e-01
9.679167670141880508e-01
9.683392371609806926e-01
9.687470141380610800e-01
9.691893266574835852e-01
9.696093640405440972e-01
9.700537855438114976e-01
9.704651539580244624e-01
9.708828223092520471e-01
9.713099111633181071e-01
9.717602760471458767e-01
9.721827193552424751e-01
9.726004736850089039e-01
9.730407180691637015e-01
9.734849171068649110e-01
9.739235366506844294e-01
9.743412815986034481e-01
9.747648966411444071e-01
9.752219542306544975e-01
9.756462306976249055e-01
9.760690980214091761e-01
9.764855227449676933e-01
9.769050353829528133e-01
9.773505997576176219e-01
9.777825145515143257e-01
9.782057053210992947e-01
9.786388029240872255e-01
9.790840711751077619e-01
9.795223256567084924e-01
9.799354302528704430e-01
9.803769991524707850e-01
9.807973829325548065e-01
9.812160817187508544e-01
9.816404573398702649e-01
9.820662710577126031e-01
9.824765243416976324e-01
9.829229482987374977e-01
9.833771988044875956e-01
9.837785818794446691e-01
9.842214223814838014e-01
9.846634776439645576e-01
9.850888386126693819e-01
9.855394294235059194e-01
9.859674177297454989e-01
9.863971861520244300e-01
9.868409970105789242e-01
9.873014038370175882e-01
9.877299053387237349e-01
9.881604253606769417e-01
9.885804449110688896e-01
9.890354225459337956e-01
9.894739415254342196e-01
9.899022499356494587e-01
9.903556777491547836e-01
9.907822087066308070e-01
9.912043181860130669e-01
9.916096721727218899e-01
9.920317730862856509e-01
9.924627262918284121e-01
9.929107518798072629e-01
9.933707595311387362e-01
9.938104528708610053e-01
9.942484294225792940e-01
9.947040220338999594e-01
9.951137620957424268e-01
9.955563320981002384e-01
9.959802912395268049e-01
9.964030984552688652e-01
9.968147216622463835e-01
9.972351170118344266e-01
9.976556997922515491e-01
9.980829471654772966e-01
9.985260133781457270e-01
9.989701200512201007e-01
9.994156463825929482e-01
9.998616687633499200e-01
1.000313472325903286e+00
1.000725987110838933e+00
1.001181693801558970e+00
1.001626087286298983e+00
1.002078911601305578e+00
1.002532586282375515e+00
1.002949194407878331e+00
1.003391961572960733e+00
1.003831638322475017e+00
1.004310418811636518e+00
1.004757699847542263e+00
1.005197203770334724e+00
1.005646712704520107e+00
1.006082646744907771e+00
1.006520939110703949e+00
1.006952976514418507e+00
1.007395939127023521e+00
1.007824079337624967e+00
1.008276824378898651e+00
1.008703381364095986e+00
1.009156110411634666e+00
1.009609531806080707e+00
1.010059575769402196e+00
1.010493145752155320e+00
1.010950277955329879e+00
1.011414563893599405e+00
1.011856883399934848e+00
1.012314132065447847e+00
1.012774875741899727e+00
1.013233456659052401e+00
1.013658423699038691e+00
1.014101700766950165e+00
1.014545848807554052e+00
1.014964755994633760e+00
1.015384771699143096e+00
1.015834025658299611e+00
1.016287971322769934e+00
1.016737685586976525e+00
1.017199256295399090e+00
1.017668463341662388e+00
1.018120468832232950e+00
1.018564572731337270e+00
1.018988104191352662e+00
1.019430223359687915e+00
1.019875063965657747e+00
1.020338446204428484e+00
1.020796669033333437e+00
1.021260506696117121e+00
1.021708787904712645e+00
1.022174592732764342e+00
1.022620887030635695e+00
1.023077270205640543e+00
1.023533482009333140e+00
1.024002551274493023e+00
1.024462085996630911e+00
1.024903267503882720e+00
1.025377232252030701e+00
1.025799620439961979e+00
1.026266295187466149e+00
1.026721713523711443e+00
1.027181796807671965e+00
1.027624734858602507e+00
1.028077121322172438e+00
1.028510545436325252e+00
1.028977517149652021e+00
1.029409380664219498e+00
1.029875311253637848e+00
1.030340314088516340e+00
1.030777644867832077e+00
1.031250766458554846e+00
1.031730342916356236e+00
1.032164897469288523e+00
1.032627740513635040e+00
1.033102840707893710e+00
1.033545642449875457e+00
1.034001207706598313e+00
1.034466683756795291e+00
1.034957154856936734e+00
1.035398691755463174e+00
1.035859082683369348e+00
1.036320100647732723e+00
1.036790352604622045e+00
1.037231787052465659e+00
1.037720699807062052e+00
1.038224862526253345e+00
1.038694917454382027e+00
1.039160974343258603e+00
1.039616236123907633e+00
1.040074470306641574e+00
1.040548851206655856e+00
1.041032445938522066e+00
1.041491803980921560e+00
1.041946871570833988e+00
1.042420252540214198e+00
1.042879649576773815e+00
1.043369437170430736e+00
1.043850295857624566e+00
1.044298285538645343e+00
1.044766485484225793e+00
1.045225830440358328e+00
1.045701002931730184e+00
1.046182097162912550e+00
1.046660542959860996e+00
1.047124423703741369e+00
1.047622855627012184e+00
1.048102492692780219e+00
1.048544614059623070e+00
1.049002669244705199e+00
1.049464537895820948e+00
1.049952927592186835e+00
1.050368970034780469e+00
1.050851317674604379e+00
1.051328078734552252e+00
1.051798914996772583e+00
1.052300824605413077e+00
1.052777455417084562e+00
1.053259190784709531e+00
1.053749086140035818e+00
1.054228763945064484e+00
1.054735078962241390e+00
1.055208259321503528e+00
1.055674068943296628e+00
1.056180889189527461e+00
1.056642605495077714e+00
1.057147160804589037e+00
1.057661103904066646e+00
1.058151254545662612e+00
1.058628414953143082e+00
1.059124845848643082e+00
1.059633981953700399e+00
1.060105357300507478e+00
1.060618924476122382e+00
1.061119122716500218e+00
1.061596209316819861e+00
1.062080458061817279e+00
1.062549248566792892e+00
1.063067027391810804e+00
1.063579149493787179e+00
1.064077580297881243e+00
1.064573262850881941e+00
1.065085968730954180e+00
1.065594468446811494e+00
1.066077062279598087e+00
1.066560709742381485e+00
1.067060566534598021e+00
1.067551679251669050e+00
1.068026414385256695e+00
1.068555124424493075e+00
1.069088644710333380e+00
1.069560284232305758e+00
1.070065837422320199e+00
1.070557769751763200e+00
1.071067945945769928e+00
1.071560630854131446e+00
1.072037111876136928e+00
1.072544938944155035e+00
1.073072267884712439e+00
1.073554088245371352e+00
1.074081112636557034e+00
1.074613159381589078e+00
1.075132420771887753e+00
1.075621291357966136e+00
1.076137245021224764e+00
1.076643234788160708e+00
1.077205769733450058e+00
1.077725868590229341e+00
1.078256824789494361e+00
1.078784529423969962e+00
1.079294782581008860e+00
1.079815619927821491e+00
1.080346766983129925e+00
1.080868422759688752e+00
1.081400717408176781e+00
1.081931138776497381e+00
1.082450530616113182e+00
1.082963634578247181e+00
1.083499140357237600e+00
1.084032274389249872e+00
1.084543843143289221e+00
1.085099363270753292e+00
1.085616247277440882e+00
1.086140675378259202e+00
1.086665709726741147e+00
1.087186953874083040e+00
1.087748167940082444e+00
1.088296829494360685e+00
1.088844866095862951e+00
1.089360995526811537e+00
1.089863508174148121e+00
1.090414117349095990e+00
1.090949693431835232e+00
1.091496267039610890e+00
1.092040877142557820e+00
1.092588920826880861e+00
1.093143684961035422e+00
1.093701264365655179e+00
1.094219685387063601e+00
1.094744275326419158e+00
1.095273565720528364e+00
1.095823513094084323e+00
1.096384112619218199e+00
1.096935202965337863e+00
1.097519396117820234e+00
1.098081611483017639e+00
1.098645930474517529e+00
1.099171839246738447e+00
1.099734843805573181e+00
1.100249092444645083e+00
1.100818215315437776e+00
1.101352766238925973e+00
1.101970353349712273e+00
1.102519898085807748e+00
1.103121538822017689e+00
1.103683925463573745e+00
1.104206306341615873e+00
1.104799505139367088e+00
1.105405262067661321e+00
1.105976182615774128e+00
1.106565620256687366e+00
1.107122820301348121e+00
1.107687800295672931e+00
1.108236733630194593e+00
1.108805247021019458e+00
1.109380984116387303e+00
1.109930654168241881e+00
1.110527991524508540e+00
1.111101567442473348e+00
1.111689472980070370e+00
1.112290959833006188e+00
1.112897232914124679e+00
1.113465765270804653e+00
1.114054046277074272e+00
1.114609039068742646e+00
1.115197315728923666e+00
1.115806200982696117e+00
1.116342080351152566e+00
1.116951452483244456e+00
1.117531145701498918e+00
1.118157309921554043e+00
1.118786488260109291e+00
1.119396580220634707e+00
1.119993476248083875e+00
1.120591857495252031e+00
1.121215304863632634e+00
1.121843429149954163e+00
1.122446065341615284e+00
1.123069196941495207e+00
1.123711300392702395e+00
1.124321623959740002e+00
1.124940772686644497e+00
1.125598248989292616e+00
1.126220069513281352e+00
1.126846771428584359e+00
1.127491163770479865e+00
1.128128915112315500e+00
1.128731003284636492e+00
1.129344869489151026e+00
1.129948343159197899e+00
1.130555051521099807e+00
1.131172842826712044e+00
1.131778328312575077e+00
1.132398872290324654e+00
1.133062864168355333e+00
1.133703750655735254e+00
1.134363093754038543e+00
1.135030134759900999e+00
1.135717038715251537e+00
1.136388658834080800e+00
1.137033379021710866e+00
1.137647053955702869e+00
1.138313865086175714e+00
1.138981006287851150e+00
1.139627364770613660e+00
1.140309933127723552e+00
1.141012311777917398e+00
1.141636173988539005e+00
1.142309702915442093e+00
1.142996618122825270e+00
1.143691395453014792e+00
1.144388785627936667e+00
1.145053302019396924e+00
1.145720807197625923e+00
1.146429730691907345e+00
1.147141010791403515e+00
1.147813183936867709e+00
1.148475873743585840e+00
1.149190524571049865e+00
1.149915752720090945e+00
1.150610031494839758e+00
1.151323326208836484e+00
1.152027955407879167e+00
1.152746471741284973e+00
1.153452156338578005e+00
1.154145616004244923e+00
1.154834837857529273e+00
1.155521384916347039e+00
1.156249284334610605e+00
1.156990830346773080e+00
1.157669504501526614e+00
1.158393895904426873e+00
1.159105914968213469e+00
1.159829276442525758e+00
1.160571994246595962e+00
1.161321171355753856e+00
1.162075043704497768e+00
1.162825605357152847e+00
1.163610524007569591e+00
1.164347603057432456e+00
1.165093253309069210e+00
1.165851370843870694e+00
1.166619446720457809e+00
1.167384921063228109e+00
1.168182594882559266e+00
1.168990642725310058e+00
1.169747219356717327e+00
1.170540304256601383e+00
1.171285173102166954e+00
1.172053234275788114e+00
1.172857961505556323e+00
1.173596008259313539e+00
1.174358401796897100e+00
1.175173426084902051e+00
1.175978916890851877e+00
1.176745550676945085e+00
1.177558622454353499e+00
1.178370735803588421e+00
1.179219953438257251e+00
1.180055454251526026e+00
1.180846805793289045e+00
1.181655356183762606e+00
1.182495560763947351e+00
1.183333853965134352e+00
1.184132782537917317e+00
1.184977846731204432e+00
1.185842915649204521e+00
1.186678079065750513e+00
1.187544683371429599e+00
1.188409866383514979e+00
1.189295542973850983e+00
1.190146861740578377e+00
1.190998058254446379e+00
1.191844468445560246e+00
1.192727171210996584e+00
1.193616965749124681e+00
1.194511758429312120e+00
1.195419993429667427e+00
1.196336125987268684e+00
1.197254110917246095e+00
1.198182665482437015e+00
1.199070387956753247e+00
1.199983222735275135e+00
1.200980477297624471e+00
1.201981691576900158e+00
1.202888214611639972e+00
1.203833565271901440e+00
1.204801363523841928e+00
1.205732073016627659e+00
1.206767588301270955e+00
1.207710383758821449e+00
1.208696305535932325e+00
1.209682199077595888e+00
1.210662511766748217e+00
1.211608590020818443e+00
1.212672996004507731e+00
1.213674357034150386e+00
1.214698635686800365e+00
1.215746618647422617e+00
1.216805215390197148e+00
1.217889975646331946e+00
1.218889100417004601e+00
1.219936657763526222e+00
1.220959869152367538e+00
1.222051432164197093e+00
1.223080161867248661e+00
1.224121000423625372e+00
1.225216626134369990e+00
1.226295306102968885e+00
1.227439737311492918e+00
1.228564504571000748e+00
1.229646939124715344e+00
1.230784776368954336e+00
1.231965389277513756e+00
1.233146220321199804e+00
1.234312912458221723e+00
1.235470881580450930e+00
1.236626213752392234e+00
1.237819163756582297e+00
1.239060008313890293e+00
1.240260780857745715e+00
1.241537651674988529e+00
1.242721618684774709e+00
1.243961187437470750e+00
1.245257637811210571e+00
1.246533698053366779e+00
1.247877896744572501e+00
1.249232189498802326e+00
1.250570964524309492e+00
1.251891855063151704e+00
1.253254395237610064e+00
1.254551636142701598e+00
1.255913282016080101e+00
1.257309993833069628e+00
1.258669794428568522e+00
1.259948441827781318e+00
1.261356046345003312e+00
1.262751158213363700e+00
1.264187099538769621e+00
1.265691854578869124e+00
1.267253218229714484e+00
1.268709670101848985e+00
1.270214699880727771e+00
1.271795616535650097e+00
1.273434229142462071e+00
1.275006400698736719e+00
1.276664333384051941e+00
1.278266127793104223e+00
1.279906172281775278e+00
1.281515403094702465e+00
1.283319731570190081e+00
1.285011349610946985e+00
1.286826113712036257e+00
1.288638101623781562e+00
1.290508194458776403e+00
1.292358801757925502e+00
1.294179051495944588e+00
1.295953454512413838e+00
1.297868993817966610e+00
1.299844223018025824e+00
1.301758970857691766e+00
1.303712547105031927e+00
1.305711527929161564e+00
1.307789569548764907e+00
1.309847949314963511e+00
1.312040755708378414e+00
1.314247326973297936e+00
1.316491094286761365e+00
1.318800069035471978e+00
1.321017725561651757e+00
1.323517236570627365e+00
1.326002817925675537e+00
1.328494585026589236e+00
1.330987055746059911e+00
1.333647880326805035e+00
1.336253193243350346e+00
1.338886507448228791e+00
1.341710993703881361e+00
1.344508778470516974e+00
1.347426968927021740e+00
1.350554527240704461e+00
1.353786586851166707e+00
1.357029091565356005e+00
1.360214590772247378e+00
1.363651764875843275e+00
1.367450152653445272e+00
1.371210351429482222e+00
1.374945292121193985e+00
1.378673108060133767e+00
1.382871072818360636e+00
1.387177804239006385e+00
1.391593624815617325e+00
1.396125262373060227e+00
1.401352553453711680e+00
1.406665609109439163e+00
1.412415604905755906e+00
1.418583013673829329e+00
1.425070082063462751e+00
1.432017610967394328e+00
1.439432920939565541e+00
1.447698847909775210e+00
1.456655385804155101e+00
1.466447409513007338e+00
1.477641329202955323e+00
1.490918458842435124e+00
1.505488650079480850e+00
1.524310495228230700e+00
1.549135788290320059e+00
1.583400024725679200e+00
1.650371091290787184e+00
