9.800155603873833554e-01
1.965444363316752430e+00
3.012482574001130065e+00
4.006764380436357520e+00
4.964376991982788034e+00
5.954320228210285393e+00
7.013576013637130124e+00
7.993263403992536098e+00
9.021572252477913167e+00
1.004238264272984438e+01
1.100564796228666609e+01
1.202079414784858535e+01
1.300544443070866940e+01
1.401331486884934563e+01
1.503250314811499777e+01
1.602692515144008212e+01
1.702253875721358156e+01
1.803288888386411415e+01
1.915747840314721628e+01
2.017389917570021041e+01
2.119159675428534584e+01
2.222992799462416258e+01
2.329144767354533485e+01
2.428206302807256378e+01
2.530537227925104560e+01
2.633274918971871514e+01
2.738004207640682708e+01
2.835868948611270923e+01
2.938067710415661793e+01
3.042933416481839259e+01
3.150064006585878928e+01
3.256216922371404365e+01
3.363745679969120772e+01
3.469794908610895590e+01
3.565876835351352980e+01
3.667945787059080232e+01
3.773838407987241084e+01
3.875728740612481715e+01
3.979018773166719569e+01
4.086762815331020704e+01
4.193490515087484027e+01
4.298402856469978417e+01
4.408308487677582832e+01
4.505838698693750644e+01
4.616313514459023537e+01
4.721631268150021299e+01
4.822233512425570723e+01
4.922815439845332008e+01
5.027111284462329621e+01
5.135308583821035455e+01
5.240792194017660677e+01
5.340345148395097397e+01
5.447426709880824802e+01
5.548095435853401369e+01
5.657298480943188679e+01
5.769216155676354418e+01
5.873760169662335784e+01
5.982325694431706609e+01
6.090448391137247341e+01
6.197382430363763461e+01
6.308571202242288223e+01
6.415285671801649414e+01
6.526513592243469475e+01
6.633512299512651111e+01
6.746652026566830784e+01
6.859199037427953272e+01
6.964371562925325065e+01
7.067603586516302983e+01
7.175897025725039668e+01
7.282856619165563927e+01
7.387656734013073390e+01
7.493184554580517442e+01
7.600253515857902187e+01
7.707310284397168232e+01
7.813970700289502247e+01
7.918858072309772922e+01
8.024521834427501688e+01
8.129506256869970571e+01
8.234249821829436655e+01
8.346865027094017364e+01
8.451784149840509031e+01
8.560569687272526096e+01
8.670762850744104355e+01
8.778772428582772136e+01
8.892400552999461638e+01
9.004534562307100032e+01
9.112170093011047811e+01
9.221516822529066815e+01
9.334931493279589176e+01
9.441286184783636770e+01
9.550820793088098526e+01
9.657720490147723069e+01
9.759071094495536158e+01
9.867246476970512958e+01
9.979797917189355871e+01
1.008725883168902442e+02
1.019716857335889273e+02
1.030260903676236524e+02
1.041488363243029625e+02
1.052181911791633695e+02
1.063422187556482470e+02
1.074399703831939803e+02
1.084883978118313905e+02
1.095867329228339742e+02
1.106723112470973263e+02
1.118089741704456088e+02
1.129162021083725449e+02
1.141364167197889259e+02
1.152899321889537845e+02
1.163387229780886969e+02
1.174743046121976846e+02
1.186355180094430892e+02
1.198144888736995597e+02
1.209099274645966489e+02
1.220321212311575039e+02
1.231586943608210021e+02
1.242913333791037616e+02
1.253614779407550373e+02
1.264877458421143075e+02
1.277039347816949402e+02
1.288143316331942856e+02
1.300211907858256666e+02
1.311810948351392767e+02
1.323722372101076701e+02
1.335343295755461099e+02
1.346578439404297285e+02
1.358341541348408725e+02
1.369815658014930193e+02
1.382173622476221624e+02
1.393829130262154194e+02
1.404964257986320604e+02
1.416505852712252249e+02
1.427457045089646783e+02
1.439292639548890804e+02
1.450680851705816679e+02
1.462941177903847461e+02
1.474441633464440145e+02
1.485117957625006966e+02
1.496700183543057960e+02
1.508264630711177858e+02
1.519798515083898565e+02
1.531614448412794616e+02
1.543018176914956427e+02
1.554367075772813109e+02
1.565778244693096610e+02
1.577327778200067030e+02
1.589107717580232304e+02
1.600723828033841585e+02
1.612537862876113763e+02
1.624173530359388167e+02
1.635554112464716354e+02
1.647165258650218504e+02
1.658779526659751582e+02
1.670305879900301136e+02
1.682211026089868255e+02
1.693931967022142544e+02
1.705906566116737224e+02
1.717679705725767860e+02
1.729336075969674766e+02
1.740505425995653468e+02
1.752485263267411995e+02
1.764489417062839323e+02
1.776836537571787176e+02
1.789043562174946942e+02
1.801272828315523782e+02
1.813091758418607355e+02
1.825014349606975372e+02
1.836856242255106224e+02
1.848421549696004149e+02
1.861218323678672562e+02
1.873194299142009243e+02
1.884941429233456347e+02
1.896861778747833398e+02
1.909274640312395093e+02
1.921072559725653832e+02
1.933089662264233937e+02
1.945981255125115581e+02
1.957844560458122487e+02
1.969664504830471401e+02
1.981684221486845274e+02
1.994162259185031871e+02
2.006314044312422311e+02
2.018632114814405156e+02
2.031318606886905798e+02
2.043285139062753899e+02
2.055021333379047803e+02
2.067190514428125141e+02
2.079536562775165862e+02
2.091468350960738007e+02
2.103600436378989116e+02
2.116226155345083839e+02
2.128538716594274831e+02
2.140871836745627377e+02
2.153651394851668783e+02
2.166230025139818167e+02
2.178319470935458924e+02
2.191484984933975397e+02
2.203895211708195347e+02
2.216293083574175569e+02
2.228783427417359349e+02
2.241440163188870827e+02
2.253492841392387902e+02
2.267047997797021992e+02
2.279914494720681546e+02
2.292182715208948025e+02
2.304813604667545235e+02
2.317335286334875661e+02
2.330060212737499512e+02
2.342376953556621970e+02
2.354751424503541557e+02
2.366867048456391274e+02
2.379870666294737589e+02
2.392760000174558854e+02
2.405690507238218458e+02
2.418298473459120999e+02
2.430547168563511491e+02
2.442671048683188246e+02
2.455322787843908259e+02
2.468496924938954464e+02
2.481656231479854284e+02
2.494600559619803732e+02
2.507451132709383614e+02
2.520481207498911829e+02
2.533660874869320310e+02
2.546812398789666361e+02
2.559502873646562477e+02
2.571508166544455207e+02
2.584402806035781737e+02
2.597347260019431019e+02
2.610845671833375832e+02
2.623775044595637951e+02
2.636851655990869858e+02
2.649689486887418184e+02
2.661908010988248634e+02
2.674641995434373598e+02
2.687121353015344312e+02
2.700972266584029740e+02
2.713588165118700886e+02
2.726994573689928529e+02
2.739759118106293272e+02
2.753332953051692016e+02
2.767048537752050379e+02
2.780234454817165783e+02
2.792578929255836897e+02
2.805582817775953117e+02
2.818404846338275433e+02
2.832560488115587418e+02
2.845928837408453091e+02
2.859810177842549592e+02
2.872722356545351090e+02
2.885668563108898184e+02
2.898807746660791054e+02
2.911816054669692448e+02
2.924755563001168639e+02
2.938759143714819402e+02
2.952488694576969124e+02
2.965992624832878732e+02
2.979923278773185871e+02
2.992887492991158638e+02
3.006147009756444390e+02
3.020149305662115466e+02
3.033803312236996135e+02
3.047300556102276801e+02
3.061080526170362077e+02
3.074190352749795920e+02
3.088316035318268291e+02
3.102144603845578104e+02
3.115764746798339502e+02
3.129935330343640203e+02
3.143304920710967281e+02
3.156727184960676595e+02
3.170962495520489597e+02
3.184683161648301279e+02
3.197883045327561149e+02
3.211756329816604421e+02
3.225196770596116380e+02
3.239518346032959926e+02
3.253169006978462221e+02
3.266584373569216950e+02
3.280474751029465210e+02
3.294299744198413578e+02
3.307729190667013199e+02
3.321254168706561813e+02
3.334771180961745927e+02
3.349083629826898232e+02
3.363428495666766480e+02
3.377739178488088783e+02
3.391798703135758046e+02
3.406422615339616868e+02
3.420265472916832437e+02
3.435029173883805811e+02
3.448864493291267763e+02
3.462621103639799571e+02
3.476646990285245238e+02
3.490803075414414138e+02
3.504846883780815006e+02
3.518672579258221731e+02
3.533203227168023659e+02
3.546838799111417302e+02
3.560445355498467279e+02
3.574504376206880920e+02
3.589427999891880177e+02
3.603851550417563772e+02
3.617932387272231267e+02
3.632285047889487259e+02
3.646074795067464720e+02
3.660008739498623527e+02
3.674535367614830079e+02
3.688408258557361705e+02
3.703208813212802966e+02
3.718660516003645853e+02
3.733632130827667197e+02
3.748089768831530932e+02
3.762304116284034308e+02
3.776499666948014919e+02
3.791984586740985037e+02
3.807022423278792758e+02
3.821527173536393320e+02
3.836520051848855246e+02
3.851108471801398423e+02
3.866482324010265188e+02
3.881746104548917629e+02
3.895968913514219594e+02
3.910673853953207981e+02
3.925055077055252468e+02
3.939227935942838030e+02
3.954492952060854236e+02
3.970250527994122081e+02
3.984728989352095709e+02
3.999474292918932292e+02
4.014368351635850445e+02
4.029882083977080924e+02
4.045134942679081860e+02
4.059087112427893089e+02
4.073943476218385626e+02
4.089681034489451577e+02
4.104974662166547432e+02
4.119758200885220276e+02
4.134472022706646612e+02
4.149074999656666023e+02
4.163714547941177671e+02
4.178891420846366032e+02
4.194137412739746651e+02
4.208830096218983954e+02
4.224534181398829560e+02
4.240055261385842869e+02
4.255635506893510183e+02
4.271024208772679458e+02
4.286424166351854979e+02
4.302269409331567545e+02
4.317004084253477458e+02
4.333240444202785966e+02
4.347108766212920727e+02
4.362108713249014613e+02
4.377539051448459873e+02
4.393609024972069506e+02
4.409114892394783851e+02
4.424392703762588326e+02
4.440060246788648328e+02
4.456340892830354505e+02
4.472300304708935528e+02
4.487734575326347226e+02
4.503960851031940820e+02
4.519661678516741290e+02
4.535901420426055211e+02
4.552677871936924134e+02
4.567843346226470089e+02
4.583121024147338289e+02
4.598825439465643399e+02
4.614349828393116582e+02
4.630093917310954907e+02
4.646721094610109049e+02
4.662604169884416478e+02
4.678712508367724467e+02
4.695163096876374880e+02
4.710683249161928074e+02
4.726752592488360847e+02
4.743078786706146275e+02
4.759921448024704773e+02
4.775767064452303998e+02
4.791513852656556764e+02
4.807675033247426200e+02
4.824143925763219727e+02
4.840354959030073019e+02
4.857423053742733714e+02
4.873033493681109576e+02
4.888876798044655061e+02
4.904727160909989720e+02
4.921354107895746210e+02
4.938568811024545084e+02
4.954392826134150596e+02
4.971304207874607641e+02
4.987574600825302014e+02
5.003972267618780734e+02
5.019445412376726949e+02
5.035751486396015935e+02
5.052726444367911540e+02
5.068774613600632506e+02
5.085288250886822539e+02
5.101188374051993151e+02
5.117025568274834200e+02
5.133713763664092085e+02
5.150694335333614617e+02
5.167688814726740247e+02
5.183595407362111018e+02
5.201068548875038005e+02
5.217610318744323195e+02
5.233795553819359156e+02
5.249723014089465778e+02
5.266999050828952704e+02
5.283736111332481187e+02
5.299858356526950729e+02
5.316340595197848415e+02
5.333275073608125467e+02
5.351059129569262041e+02
5.368021979780837682e+02
5.385324852784905261e+02
5.401931286877137381e+02
5.419147305523057412e+02
5.436946254580897175e+02
5.453663545127726593e+02
5.471335344745160683e+02
5.488945435909589605e+02
5.505662676641337612e+02
5.523482620574192197e+02
5.540782168726112786e+02
5.557944640775892822e+02
5.575052924070735116e+02
5.592112873227805494e+02
5.609062308963372061e+02
5.626395216353479327e+02
5.643302187675367350e+02
5.660723476371543939e+02
5.677743467182408494e+02
5.695499129111314005e+02
5.712931686401893785e+02
5.730281717469179057e+02
5.747964822021270948e+02
5.766760645584540725e+02
5.784446587593382674e+02
5.802504987155465415e+02
5.820502450973133364e+02
5.837438048648244830e+02
5.855274098943571062e+02
5.873536996685623990e+02
5.890953555610769854e+02
5.909139787288754633e+02
5.926437690520589285e+02
5.944215756163503102e+02
5.963840201221462394e+02
5.981264251911521797e+02
6.000449961621252442e+02
6.018481981609504601e+02
6.037477406954669732e+02
6.056221947533373395e+02
6.074090537735858106e+02
6.092059077000756133e+02
6.111205531821376553e+02
6.128930816668297439e+02
6.147433234737152361e+02
6.165904802264975615e+02
6.185101829403654392e+02
6.203531103530145856e+02
6.221981425584585850e+02
6.240197255171527786e+02
6.258793151180141194e+02
6.276754678097505575e+02
6.295551691355570938e+02
6.314378270875274666e+02
6.332480764236225923e+02
6.351216088088248171e+02
6.369866681314164225e+02
6.388544136592751101e+02
6.406675141395659239e+02
6.425988123015526980e+02
6.444472506952403137e+02
6.463242064243008826e+02
6.482924033603251246e+02
6.502721370814947477e+02
6.521420972006420698e+02
6.541249697833792425e+02
6.560936360102514300e+02
6.580703844896083865e+02
6.600702812436918521e+02
6.620935736593129377e+02
6.641754651084486341e+02
6.661551743040241718e+02
6.681179757835300279e+02
6.701360073067531857e+02
6.720072574992069576e+02
6.739713940477059850e+02
6.759293374480871535e+02
6.778205181593054931e+02
6.798999056897581568e+02
6.819005297258942164e+02
6.837816118942124604e+02
6.857255141219844745e+02
6.877882025282177665e+02
6.898270467068950893e+02
6.917092565991634956e+02
6.937087664977145778e+02
6.955939755668767930e+02
6.975792564278661985e+02
6.996444533131000298e+02
7.017092360973298355e+02
7.038232618295085103e+02
7.059058750085464453e+02
7.078546065659727446e+02
7.098623642281306729e+02
7.120381744043842218e+02
7.139851612356857231e+02
7.160111447562094327e+02
7.180281887390357269e+02
7.200383195243256296e+02
7.221750698634435821e+02
7.243229910954676143e+02
7.263651160707228200e+02
7.285111639324090902e+02
7.306838766132875662e+02
7.326556357928963052e+02
7.348267011169783700e+02
7.369719476995112473e+02
7.390585693341747628e+02
7.412142426501467298e+02
7.434070278449740954e+02
7.455030989598891438e+02
7.475570322255457540e+02
7.495653435338400641e+02
7.517000571607044321e+02
7.538908705768981235e+02
7.560885640506234040e+02
7.581576895439710597e+02
7.602323386852330032e+02
7.623986226833638966e+02
7.645086479791029888e+02
7.667565884166530168e+02
7.690194308790307787e+02
7.713206405025136974e+02
7.733677490862023660e+02
7.755691193831167993e+02
7.776324434816353914e+02
7.798962947137033552e+02
7.820559363671188748e+02
7.841827207216430224e+02
7.865216165951275116e+02
7.887768590430425775e+02
7.910085670693783868e+02
7.932767490538388984e+02
7.955406203296132617e+02
7.977749522102610626e+02
7.998799051288517603e+02
8.020596342925090312e+02
8.044639471973395075e+02
8.066190154494879607e+02
8.089300680583694430e+02
8.112288764256728655e+02
8.134390870098579853e+02
8.156825429538688468e+02
8.180022643415952643e+02
8.203373890036793910e+02
8.226436784430769649e+02
8.249998503545454014e+02
8.272624357928121981e+02
8.295471358260344914e+02
8.316575173263576062e+02
8.340586858582212244e+02
8.363511706502472407e+02
8.386781206364951231e+02
8.410031521172584235e+02
8.433461435039270100e+02
8.458277608199102815e+02
8.482205108231953545e+02
8.506108348113253896e+02
8.528840597662831442e+02
8.552912006356348229e+02
8.576662576249797212e+02
8.600363401910649372e+02
8.623909087335551931e+02
8.647880657677062572e+02
8.671194968179837588e+02
8.696106598451624450e+02
8.722151801854972746e+02
8.745958434495126994e+02
8.769134017632138693e+02
8.794307560053239285e+02
8.817799375105930721e+02
8.842603172549138435e+02
8.866428941601847100e+02
8.889850336377151052e+02
8.913288776594984029e+02
8.937050627922189960e+02
8.962451613833840156e+02
8.986103550215001405e+02
9.011127917273142884e+02
9.036595120380520711e+02
9.060795114463286382e+02
9.086293860292004183e+02
9.111581365769196736e+02
9.136353214474326023e+02
9.160963840331284018e+02
9.186284808582284995e+02
9.212304231665078760e+02
9.237319996874108483e+02
9.262759583031249804e+02
9.288631009539516299e+02
9.314191353750146618e+02
9.338944987564383382e+02
9.364422637903817304e+02
9.390239282374006962e+02
9.416028666578320099e+02
9.441180003512741905e+02
9.466769516433389526e+02
9.492019018201957579e+02
9.517800550359497720e+02
9.542668336900516124e+02
9.567276161211116232e+02
9.594269740629125636e+02
9.620939768616865422e+02
9.648223378856927184e+02
9.674370022305695329e+02
9.701697297223096257e+02
9.727451370222142941e+02
9.752852086032698935e+02
9.778977357271367055e+02
9.805760479241788516e+02
9.832641121721717354e+02
9.860596863714570190e+02
9.887255945595422872e+02
9.913802896502544399e+02
9.941690165017109848e+02
9.969107602705738600e+02
9.996440466961743141e+02
1.002352492618898964e+03
1.005179480380192558e+03
1.008004933615888262e+03
1.010794280788813012e+03
1.013558769663745238e+03
1.016370154944985643e+03
1.019207500733093070e+03
1.021995094189049382e+03
1.024662169823574686e+03
1.027522527437079361e+03
1.030330478029887672e+03
1.033270953080334948e+03
1.036094378372315077e+03
1.038862804776145140e+03
1.041775400022860595e+03
1.044609405042217759e+03
1.047452202754647715e+03
1.050289358674763889e+03
1.053136387033680421e+03
1.055978663674267636e+03
1.058952812161451448e+03
1.061708582447027766e+03
1.064689900916283023e+03
1.067551844888203505e+03
1.070511622367592736e+03
1.073458310721956877e+03
1.076320116676682801e+03
1.079210177560231841e+03
1.082218734128334518e+03
1.085222508153774925e+03
1.088176717603766292e+03
1.090993304134568916e+03
1.093886101980713647e+03
1.096834160176013256e+03
1.099886442694305060e+03
1.102984272940686651e+03
1.105979156946544890e+03
1.109085509325290332e+03
1.111972652175341864e+03
1.115047142033045702e+03
1.118171807223465066e+03
1.121148854158069298e+03
1.124238581203286230e+03
1.127350696058121457e+03
1.130452123429839503e+03
1.133488596358202813e+03
1.136709203154495071e+03
1.139767593017721765e+03
1.142985880341102074e+03
1.146321095599679893e+03
1.149515891665472054e+03
1.152553322510198996e+03
1.155750877916090303e+03
1.158920355953516491e+03
1.162416715343560554e+03
1.165530130215290001e+03
1.168686428843483554e+03
1.171753055565999148e+03
1.175093629899406096e+03
1.178035941384249327e+03
1.181138104804474551e+03
1.184479818622340190e+03
1.187758587487241584e+03
1.190966723081076452e+03
1.194211568504191746e+03
1.197402562958847284e+03
1.200654326973567095e+03
1.203771125403258793e+03
1.207095198588055837e+03
1.210434733439979709e+03
1.213838006771397886e+03
1.217056041921111728e+03
1.220359064050214783e+03
1.223725159015919644e+03
1.227162700933307178e+03
1.230586700356516758e+03
1.234094645605574669e+03
1.237543998859453950e+03
1.240975997588411019e+03
1.244590065398479510e+03
1.248006257357803406e+03
1.251508386981014837e+03
1.254866038405516292e+03
1.258456088156867736e+03
1.261925716247920491e+03
1.265278209139372393e+03
1.268997069431294676e+03
1.272619184814678874e+03
1.276210982376271431e+03
1.279689984794446673e+03
1.283388885089122823e+03
1.287001622622288551e+03
1.290693216729345977e+03
1.294363465807299235e+03
1.298373535366861688e+03
1.302081407490794390e+03
1.305950942577833530e+03
1.309541093097961038e+03
1.313289065810975899e+03
1.316908945537033560e+03
1.320721346155566152e+03
1.324413032751739593e+03
1.328004119341344449e+03
1.331762249016504029e+03
1.335711516193206080e+03
1.339433223498558164e+03
1.343157107989383576e+03
1.347192859999193615e+03
1.350822581687038792e+03
1.354670052275748503e+03
1.358368926467922620e+03
1.362220495301441815e+03
1.365957248678190808e+03
1.369852652477434276e+03
1.373875780917047678e+03
1.377702866297691116e+03
1.381607456989245748e+03
1.385563807040182155e+03
1.389450760221764540e+03
1.393621709223334619e+03
1.397430761581322940e+03
1.401709825273373099e+03
1.405769322272011550e+03
1.410022917857316770e+03
1.413995563151918532e+03
1.418014608215345561e+03
1.422239969750984983e+03
1.426335188716928769e+03
1.430472085864837254e+03
1.434891382461144303e+03
1.439210940747770792e+03
1.443278941058248847e+03
1.447526234225134431e+03
1.451859572247115693e+03
1.456426698792963862e+03
1.460917610255733507e+03
1.465061630054459329e+03
1.469599594153409953e+03
1.473923671905314222e+03
1.478223783563492361e+03
1.482766204876926395e+03
1.487154326519323604e+03
1.491871382659939172e+03
1.496210597179628621e+03
1.500508355564409612e+03
1.505250037311006963e+03
1.509825350432453888e+03
1.514481341647780027e+03
1.518951946316669364e+03
1.523325264372853326e+03
1.527737892307392030e+03
1.532279668171072672e+03
1.537029385615432602e+03
1.541671605598733549e+03
1.546516759837520567e+03
1.551103166019699756e+03
1.555898690194717346e+03
1.560787404995987117e+03
1.565407618451426970e+03
1.570138239509745517e+03
1.574886540905400807e+03
1.579629603531351904e+03
1.584579898179400061e+03
1.589314634253682016e+03
1.594247934649987201e+03
1.599204605478515077e+03
1.604283627697266638e+03
1.609174871676201292e+03
1.614200699837742150e+03
1.619226358211480601e+03
1.624189555427380128e+03
1.628940960523055310e+03
1.633789164512020761e+03
1.638808536390210293e+03
1.643847412581651952e+03
1.648795775459502693e+03
1.653898087750305422e+03
1.659090790912903458e+03
1.664491368943224415e+03
1.669623631122934739e+03
1.674879638882646987e+03
1.679955385414283683e+03
1.685226662064949323e+03
1.690477917257883291e+03
1.695708961584401095e+03
1.700976996345529642e+03
1.706557155821586548e+03
1.711897761162302686e+03
1.717254930365506198e+03
1.722907001038898898e+03
1.728446268301844839e+03
1.734070767986700957e+03
1.739414138851308735e+03
1.745014255212462785e+03
1.750521850807271449e+03
1.756354057252043049e+03
1.762125906425132598e+03
1.767665669446271295e+03
1.773375668078522267e+03
1.779491852783796048e+03
1.785404883876695749e+03
1.791630606433095636e+03
1.797816545608366823e+03
1.803724958642401134e+03
1.809965933590446639e+03
1.816022681703658463e+03
1.822152681499472919e+03
1.828091872647677974e+03
1.834228426266473889e+03
1.840724429567823336e+03
1.847004985091944718e+03
1.853051800532490688e+03
1.859797257749104801e+03
1.866420707279610497e+03
1.873401300210281988e+03
1.880167268906117670e+03
1.887161882704876007e+03
1.893749084504208668e+03
1.900177859938362872e+03
1.906966620837332812e+03
1.913883586514871695e+03
1.920837022386294393e+03
1.927682130289949782e+03
1.934751977282546250e+03
1.941613447707954265e+03
1.948711952634746012e+03
1.955383710867543641e+03
1.962743644775334815e+03
1.969956460908675581e+03
1.976967312174792141e+03
1.984602543921380629e+03
1.991848486844478884e+03
1.999427857636984982e+03
2.006566080593712741e+03
2.014257845705206591e+03
2.021666827246085177e+03
2.029300195637432580e+03
2.036461993225106426e+03
2.044196651018864713e+03
2.052008872901938503e+03
2.059715041092689717e+03
2.067775785695735976e+03
2.075817577637682461e+03
2.084355074508818689e+03
2.092398176600014722e+03
2.100663104854161247e+03
2.109429037834951487e+03
2.117311553478396490e+03
2.125582861848693028e+03
2.134276730693352874e+03
2.142900364214734509e+03
2.151386627114448402e+03
2.159662474227654457e+03
2.168754987027308289e+03
2.177033587432025342e+03
2.186245949183941775e+03
2.195350851144608896e+03
2.204647811867154360e+03
2.214074509148480956e+03
2.223249046869937956e+03
2.232720129349672789e+03
2.242604588283988051e+03
2.251828533983955822e+03
2.262209349738086530e+03
2.271369574233142885e+03
2.280700669641709283e+03
2.290167006081804630e+03
2.299971090275298593e+03
2.309837363874337825e+03
2.319988185062502453e+03
2.330327742868145378e+03
2.340517101318129335e+03
2.351220660145956572e+03
2.361639264073165123e+03
2.372613883571346832e+03
2.382971818870714742e+03
2.393648451071119325e+03
2.404267532463577936e+03
2.415547203781373810e+03
2.426990821053293075e+03
2.437726236874768347e+03
2.448997353030700651e+03
2.460963175165525627e+03
2.472838233174481047e+03
2.484855361867814281e+03
2.496547128896879713e+03
2.508587788327647104e+03
2.521140405620553338e+03
2.533820030441214840e+03
2.546629820692618068e+03
2.559561431174507106e+03
2.572151430421096848e+03
2.585085514232290734e+03
2.598240633989900289e+03
2.611965140898577829e+03
2.625352300379970984e+03
2.639028329879246940e+03
2.652375193733053038e+03
2.666172412496951438e+03
2.681189737161645098e+03
2.696126442672973553e+03
2.711897491576047287e+03
2.726876842211317580e+03
2.741812747110656801e+03
2.758420980104748651e+03
2.774878811180315097e+03
2.790846183513105188e+03
2.807601176173022395e+03
2.823375338787157943e+03
2.839972881902261179e+03
2.857845845639697018e+03
2.876380965838225620e+03
2.894069908987050894e+03
2.911622938379315201e+03
2.929822263174013187e+03
2.948869235000885510e+03
2.967320294392667165e+03
2.986665281985025558e+03
3.006270056206045410e+03
3.026406011995696190e+03
3.046988002176115515e+03
3.068168802513233459e+03
3.089150506274202598e+03
3.110826558665700304e+03
3.132971354184549455e+03
3.157119968512212381e+03
3.179768842105233944e+03
3.205004664645204230e+03
3.230840177694872182e+03
3.256554653462767874e+03
3.282904587668773729e+03
3.309355392619201666e+03
3.335954836049535970e+03
3.363734051456848192e+03
3.392888879198639643e+03
3.424949195181071445e+03
3.456292561376774302e+03
3.488785710903368454e+03
3.524094393432939341e+03
3.559330117840910134e+03
3.596215985157857176e+03
3.631132678508761273e+03
3.667596212098236720e+03
3.707888489977595782e+03
3.749921631290410915e+03
3.795259615095113531e+03
3.841365306290244462e+03
3.888214651141602644e+03
3.940223629669171260e+03
3.995613961598287915e+03
4.050246891186551238e+03
4.107921610126219093e+03
4.167192664726244402e+03
4.234925076792416803e+03
4.309096350638525109e+03
4.388587550523246136e+03
4.470815561423448344e+03
4.557656283612108382e+03
4.655631857872699584e+03
4.756234773981340368e+03
4.880603401205410592e+03
5.026672727500793371e+03
5.191247059781520875e+03
5.396185459785156127e+03
5.643350210647410677e+03
5.969540248467863421e+03
6.460237861643462566e+03
7.449410542192230423e+03
