5.291608806450432967e-01
5.630492436445436732e-01
5.810285957000077550e-01
5.940016818350443151e-01
6.039737885212985713e-01
6.121767020261575931e-01
6.194899360786212394e-01
6.261344346642961911e-01
6.320483615429037805e-01
6.370416737507352822e-01
6.419273494641447586e-01
6.463232107969064666e-01
6.503743375501971347e-01
6.540541193962566835e-01
6.577065948194498191e-01
6.611907191479491352e-01
6.645233298474421124e-01
6.677113347240380969e-01
6.706234910257616866e-01
6.733719717669863769e-01
6.761396437320764674e-01
6.787476078429002246e-01
6.813496398884232308e-01
6.839821325348316439e-01
6.863954130796312558e-01
6.887094010879072359e-01
6.909076681986867641e-01
6.931417631189124018e-01
6.953431789849456868e-01
6.974753042661423486e-01
6.994250667583769010e-01
7.014000530987543058e-01
7.032270937097350183e-01
7.050308029152043687e-01
7.068574433290142345e-01
7.086694843730344529e-01
7.104080291284917692e-01
7.122475263704357573e-01
7.139465475924431370e-01
7.155680841206930598e-01
7.171537463313027994e-01
7.188077590924946136e-01
7.204204207166549079e-01
7.219451024359856417e-01
7.235106239111015469e-01
7.249886682458664966e-01
7.264463378834850049e-01
7.279355920449086526e-01
7.293818496221020631e-01
7.307347919439303174e-01
7.321439062204861958e-01
7.334546595688693493e-01
7.348257069489985138e-01
7.361762808021073967e-01
7.375298086603350178e-01
7.388010660886342729e-01
7.400662086678259088e-01
7.413083557954889269e-01
7.425923119903189429e-01
7.437305009390363653e-01
7.449467072089960284e-01
7.461500368167258701e-01
7.473148839540733057e-01
7.484782064713553229e-01
7.495869153079967040e-01
7.507882330920772063e-01
7.518945231052062139e-01
7.529741352162353518e-01
7.540623894305841235e-01
7.551576827905326361e-01
7.563188245065781690e-01
7.573697436243700398e-01
7.583983140100420961e-01
7.595445187754840122e-01
7.605106474276630557e-01
7.615502687653770142e-01
7.626076676774543595e-01
7.636244197357771046e-01
7.646156906909994388e-01
7.655797388397271863e-01
7.665470100158405797e-01
7.675375565655283561e-01
7.685305359380057988e-01
7.695250910632951413e-01
7.704411713403213069e-01
7.713184814929874289e-01
7.722452929101063512e-01
7.731249349713364971e-01
7.740475169019190860e-01
7.749601421790641709e-01
7.758724662165290553e-01
7.767568074424053837e-01
7.776807861445601544e-01
7.785663341487990552e-01
7.794106796612817467e-01
7.802611864013710985e-01
7.811198251324024122e-01
7.819757429205870247e-01
7.827772552919883831e-01
7.835988670251803345e-01
7.844285269483325385e-01
7.852624401876378002e-01
7.861004261271683502e-01
7.869074751986399052e-01
7.877600479215899343e-01
7.885577917408328474e-01
7.893751820857224377e-01
7.901701162360094122e-01
7.910037104834530819e-01
7.917851755456796203e-01
7.925712463666735319e-01
7.933498905317394323e-01
7.941188310525870708e-01
7.949395310309357310e-01
7.956716222269745176e-01
7.964552005085601127e-01
7.972257545086340880e-01
7.980018703702282945e-01
7.987519027902951763e-01
7.995166606819160693e-01
8.002449145865423441e-01
8.009642120800537501e-01
8.017328595612818187e-01
8.024342713316265918e-01
8.031825680974457038e-01
8.039235097447327005e-01
8.046329803841472117e-01
8.053805907954634247e-01
8.061097791194821172e-01
8.068210693361639319e-01
8.075393038577821647e-01
8.082415009384322779e-01
8.089587000853157850e-01
8.096684585334016360e-01
8.103703523121255081e-01
8.110526590039031092e-01
8.117779690224563582e-01
8.124754294760159201e-01
8.131464064115392354e-01
8.138258066049347539e-01
8.144724729871984925e-01
8.151476008624020109e-01
8.158338344594052716e-01
8.165289511110590537e-01
8.172488983655579187e-01
8.179459128100140530e-01
8.186360257122671236e-01
8.193104977224426877e-01
8.199734624732849531e-01
8.206439899527898651e-01
8.213469163472632006e-01
8.219568508006931395e-01
8.226298422713123060e-01
8.232832314288532904e-01
8.239260527148473123e-01
8.245613202675059483e-01
8.251930502241082710e-01
8.258378199074185577e-01
8.264889555582004554e-01
8.271597418589623496e-01
8.278271715861221791e-01
8.284697286104090175e-01
8.290917631477071614e-01
8.297370175004858961e-01
8.303756287943087067e-01
8.310042921586968667e-01
8.316340522530293322e-01
8.322672176326535443e-01
8.328742639978570228e-01
8.334901141003270286e-01
8.341103006558970856e-01
8.347513358594780275e-01
8.353649481618092842e-01
8.360065421684949039e-01
8.366347633582931209e-01
8.372358557319096173e-01
8.378274820203718276e-01
8.384195857839060739e-01
8.390406070752431944e-01
8.396294765340409638e-01
8.402361842511061329e-01
8.408397579653801301e-01
8.414338254116585647e-01
8.420121975002045067e-01
8.425819141198302997e-01
8.431816905679889729e-01
8.438016292063998947e-01
8.443871590743492472e-01
8.449687485126620157e-01
8.455714567897818501e-01
8.461785442743537944e-01
8.467679456231431701e-01
8.473678176670368378e-01
8.479681309955869883e-01
8.485278908239388684e-01
8.490880078164637634e-01
8.496776727014263564e-01
8.502484803840877348e-01
8.508071449500681505e-01
8.513996595566866166e-01
8.519579517009637781e-01
8.524878722315510915e-01
8.530353493894493599e-01
8.535451463500908220e-01
8.540831625260864035e-01
8.546203688560144451e-01
8.551661667980358095e-01
8.557205263270235562e-01
8.562211125260646982e-01
8.567595047456003643e-01
8.573047119362927626e-01
8.578242985048871727e-01
8.583529655617703202e-01
8.588893629106028049e-01
8.594363417045784992e-01
8.600023067356882267e-01
8.605323420787513999e-01
8.610857089703839451e-01
8.616377277936096979e-01
8.621527864799063412e-01
8.627051138382638706e-01
8.632363428055112031e-01
8.637733085020096180e-01
8.643098820041741348e-01
8.648405981171300994e-01
8.653608606879248377e-01
8.658851052638777412e-01
8.664258127740024351e-01
8.669597632438074131e-01
8.674733634292439710e-01
8.679783583815008363e-01
8.685048007386971802e-01
8.690447534718703793e-01
8.695847846783235635e-01
8.700834297079129698e-01
8.705767215226375422e-01
8.711045134534337597e-01
8.716120844142875024e-01
8.721516470953064593e-01
8.726541442870733301e-01
8.731758214262174134e-01
8.736954414899337218e-01
8.742122408391933552e-01
8.747263326507899173e-01
8.752531765541651243e-01
8.757754890127112946e-01
8.762886631221898925e-01
8.768117924822732556e-01
8.772928556025582081e-01
8.777869887983337227e-01
8.783175751024991929e-01
8.788123175626368910e-01
8.793035256612040662e-01
8.797904774851244003e-01
8.802945496138759873e-01
8.808142990049396825e-01
8.812879564779718677e-01
8.818121840919673771e-01
8.823180612758051433e-01
8.828197688873012927e-01
8.833231655780665603e-01
8.838094584352333971e-01
8.843149109682877373e-01
8.848078883172715292e-01
8.853049573251327020e-01
8.857778643919482775e-01
8.862696635093794129e-01
8.867525224192845945e-01
8.872389507116582585e-01
8.877304375183753260e-01
8.882416456738505550e-01
8.887060190247700886e-01
8.891852858407124360e-01
8.896674656274542459e-01
8.901504990807918016e-01
8.906229335493636157e-01
8.911158403125686300e-01
8.916045068657134642e-01
8.920797580117048042e-01
8.925741944617814339e-01
8.930516399040500097e-01
8.935415779162857453e-01
8.939986185968907817e-01
8.944624965701156727e-01
8.949629731676533861e-01
8.954156300621163300e-01
8.958978537877224646e-01
8.963795757883658011e-01
8.968897963623836400e-01
8.973624476237568315e-01
8.978436805159042411e-01
8.983010192421394535e-01
8.987933078959282618e-01
8.992719161694706642e-01
8.997617868436135202e-01
9.002452431860512583e-01
9.007123207914443652e-01
9.011908414053582117e-01
9.016625546053130824e-01
9.020926671600070224e-01
9.025811133990480073e-01
9.030652212633669684e-01
9.035110723513009034e-01
9.039956570130677216e-01
9.044636895039819269e-01
9.049266666408479765e-01
9.053974755624315529e-01
9.058534577205088478e-01
9.063170895463118493e-01
9.067777750352475907e-01
9.072380226465958097e-01
9.076885458971029053e-01
9.081442447298097020e-01
9.086198932889404389e-01
9.090865413302967601e-01
9.095571645256095294e-01
9.100310351473223092e-01
9.104760472686170836e-01
9.109186150574407614e-01
9.113782224403162990e-01
9.118455238840448285e-01
9.123336509262652827e-01
9.127836366769552789e-01
9.132554091188473944e-01
9.137211937099902759e-01
9.141694740549641818e-01
9.146184771778893552e-01
9.150719188169850193e-01
9.155436751679190133e-01
9.160010337635725586e-01
9.164528659422324086e-01
9.168967285200497752e-01
9.173412827035932748e-01
9.178270183804223548e-01
9.182704968330956952e-01
9.187286562964230852e-01
9.191485043184683956e-01
9.196276670444812895e-01
9.200700437448420255e-01
9.205021108531609153e-01
9.209512341090743126e-01
9.214259981894854512e-01
9.218677109093386113e-01
9.223384694037136677e-01
9.227758170674404958e-01
9.232087923510570171e-01
9.236491093299640243e-01
9.241120574896600770e-01
9.245407723412712997e-01
9.249812895855608064e-01
9.254268849164959398e-01
9.259099630400083880e-01
9.263714497570847417e-01
9.268397367586170832e-01
9.272799529226520843e-01
9.277210455320452631e-01
9.281707636242049198e-01
9.286248465139557151e-01
9.290473065102617944e-01
9.294913132464753813e-01
9.299219392664777040e-01
9.303663346897996789e-01
9.307946967215871004e-01
9.312485023956516006e-01
9.317129681805281782e-01
9.321401554240135168e-01
9.326074661010337330e-01
9.330943703447177606e-01
9.335460400704638229e-01
9.339579349978360812e-01
9.344126678887787474e-01
9.348550990758396351e-01
9.353159176064186342e-01
9.357568453379947471e-01
9.361728716426584995e-01
9.366347690440800511e-01
9.370759853155202768e-01
9.375325442781741181e-01
9.379623486801406118e-01
9.384094242099205729e-01
9.388548014561132193e-01
9.392923331727138780e-01
9.397229990533290112e-01
9.401756707347215247e-01
9.406283437159119742e-01
9.410550535151314122e-01
9.415053895423850516e-01
9.419389253488664737e-01
9.423821973667005913e-01
9.428162436624611953e-01
9.432738690348598798e-01
9.436807250633859612e-01
9.441408523482052173e-01
9.445766082477596859e-01
9.450079642568317562e-01
9.454507789172865717e-01
9.458797741243133439e-01
9.463076918779553814e-01
9.467410104873941190e-01
9.471546298466492209e-01
9.475946999784579106e-01
9.480354645807232972e-01
9.484572171107172878e-01
9.489149573696129547e-01
9.493629713840724405e-01
9.498167880288977960e-01
9.502606215215885221e-01
9.507010902027113186e-01
9.511468632914136245e-01
9.515972291082362977e-01
9.520380600469415810e-01
9.524788173147323844e-01
9.528963579400218098e-01
9.533363278474885627e-01
9.537813343455776582e-01
9.542177974825163389e-01
9.546320385196053193e-01
9.550614272548456629e-01
9.554826064028640875e-01
9.559258731119351093e-01
9.563693331310614276e-01
9.568077875156495438e-01
9.572164376197789259e-01
9.576509398181441979e-01
9.580759892967574132e-01
9.585407602123550141e-01
9.589664616131762243e-01
9.593961421477223972e-01
9.598250440120875693e-01
9.602474032795640380e-01
9.606724819917837888e-01
9.611134250322790340e-01
9.615287761317015125e-01
9.619780481443789277e-01
9.624107329872336747e-01
9.628421327262930429e-01
9.632883908774146908e-01
9.637168513969625039e-01
9.641505636098057774e-01
9.645976406580750728e-01
9.650344852408211382e-01
9.654808456138402883e-01
9.658928094708170153e-01
9.663342745559397873e-01
9.667669404736378702e-01
9.672014583797998721e-01
9.676350848982112618e-01
9.680628971941837024e-01
9.684995150756950943e-01
9.689517487484011760e-01
9.693737415965795190e-01
9.698167870812608449e-01
9.702560755732843045e-01
9.706916501280182796e-01
9.711321726667093701e-01
9.715676490756021133e-01
9.720044800923055561e-01
9.724461685066519978e-01
9.728895397537047351e-01
9.733153138858861020e-01
9.737247611011293769e-01
9.741452637062786302e-01
9.745776887796260279e-01
9.750070987103609532e-01
9.754497080407974474e-01
9.758643795206152216e-01
9.763140871450282088e-01
9.767633173941785429e-01
9.771895621689773437e-01
9.776154179432031688e-01
9.780548930399555196e-01
9.784854337136540403e-01
9.788997624935704689e-01
9.793490493973542321e-01
9.797937725210064119e-01
9.802205110124743159e-01
9.806442603851804884e-01
9.810598138180794958e-01
9.814802408505817199e-01
9.819304369077324068e-01
9.823615933821554513e-01
9.827683545498618889e-01
9.831751750229468234e-01
9.836125325060636193e-01
9.840571985288701917e-01
9.844778562570116742e-01
9.848956599093904307e-01
9.853325801767215397e-01
9.857521720315162161e-01
9.861893214724438694e-01
9.866344324342952721e-01
9.870476598694022385e-01
9.874801918766733522e-01
9.879229495684623830e-01
9.883401107105589389e-01
9.887791463603663455e-01
9.892244429304591913e-01
9.896275240194886136e-01
9.900566256014912137e-01
9.904987534071711952e-01
9.909450860775342873e-01
9.913832610190452810e-01
9.918387605122168660e-01
9.923044296057709213e-01
9.927458304710917725e-01
9.931607885067584851e-01
9.935890153512969558e-01
9.940169668930718405e-01
9.944344533801324770e-01
9.948472295857997416e-01
9.952888460632309808e-01
9.957548810572381948e-01
9.961835818720461422e-01
9.966203419039366684e-01
9.970375035749794446e-01
9.974827571269871962e-01
9.979063928898876945e-01
9.983565497956845558e-01
9.988131701113581729e-01
9.992433924339771956e-01
9.996856298452039269e-01
1.000115411445549496e+00
1.000546851580373264e+00
1.000990166812901760e+00
1.001425311713084465e+00
1.001878339038041466e+00
1.002303282661597628e+00
1.002742806644265849e+00
1.003182515929117669e+00
1.003634520970286381e+00
1.004079448636448380e+00
1.004511085471795573e+00
1.004965092244277880e+00
1.005400517453313602e+00
1.005830110345742323e+00
1.006261823991736692e+00
1.006698355333367489e+00
1.007131934420135488e+00
1.007617171532223743e+00
1.008059987839633687e+00
1.008476392026787627e+00
1.008886315762582919e+00
1.009316385428507878e+00
1.009737047999952342e+00
1.010193019954182869e+00
1.010671710265881540e+00
1.011132224595924889e+00
1.011588430331385791e+00
1.012046486636112519e+00
1.012506004155939721e+00
1.012974360589690148e+00
1.013417331665054766e+00
1.013870924794916251e+00
1.014301619635664231e+00
1.014744686579410970e+00
1.015162973806142954e+00
1.015585354745867530e+00
1.016003024596989990e+00
1.016467614786259466e+00
1.016946852222377906e+00
1.017399660405598594e+00
1.017850456410160698e+00
1.018298216060576022e+00
1.018742046752997510e+00
1.019174526235324008e+00
1.019631629979910636e+00
1.020102005625330488e+00
1.020544902188379011e+00
1.021002244695805361e+00
1.021449480633702889e+00
1.021865639166631867e+00
1.022309676469845163e+00
1.022755725916660641e+00
1.023213693438844274e+00
1.023673095020005697e+00
1.024112060635328003e+00
1.024541600139192488e+00
1.024976775555179964e+00
1.025439809089004228e+00
1.025896286342868002e+00
1.026342976573392463e+00
1.026805748157666009e+00
1.027241094522479026e+00
1.027697562057009684e+00
1.028135219010360313e+00
1.028600967392808263e+00
1.029061203290990045e+00
1.029516296876084702e+00
1.029983375733150019e+00
1.030459350978379485e+00
1.030917597005114095e+00
1.031386447809748752e+00
1.031821893039710947e+00
1.032263686506757372e+00
1.032717640168308471e+00
1.033176166460900047e+00
1.033661574338645028e+00
1.034084001875615666e+00
1.034554214506298697e+00
1.035003078337193516e+00
1.035453509647094039e+00
1.035894541726188667e+00
1.036371148889460914e+00
1.036873669012052357e+00
1.037347934902192570e+00
1.037818904839426404e+00
1.038270247670144419e+00
1.038735060242945263e+00
1.039206993963560866e+00
1.039669233467689136e+00
1.040161363321636223e+00
1.040644379413825371e+00
1.041115687268653556e+00
1.041563709871832000e+00
1.042003716586096695e+00
1.042460892017145424e+00
1.042954759703699441e+00
1.043430439815991706e+00
1.043880317048261119e+00
1.044360730955543159e+00
1.044840425608080992e+00
1.045290020177207957e+00
1.045758646532349401e+00
1.046230329637555245e+00
1.046690090732443901e+00
1.047150451512905978e+00
1.047626399263055452e+00
1.048112456143034388e+00
1.048580641049903228e+00
1.049025884583860035e+00
1.049490540838055042e+00
1.049968811256845269e+00
1.050468186134751791e+00
1.050961380701166847e+00
1.051427950568371017e+00
1.051912465579096123e+00
1.052382847479464534e+00
1.052886018562677606e+00
1.053357917957620238e+00
1.053855562006021263e+00
1.054342878955496499e+00
1.054809925070998133e+00
1.055280944847022173e+00
1.055776518907182826e+00
1.056276318800247305e+00
1.056741190313925882e+00
1.057201343934389914e+00
1.057694004257730302e+00
1.058173402980573830e+00
1.058673817769057557e+00
1.059186268380080120e+00
1.059672253806629216e+00
1.060181139068240519e+00
1.060666072325300968e+00
1.061163927653997252e+00
1.061657108185277032e+00
1.062157842734772428e+00
1.062645875450644262e+00
1.063113191709669003e+00
1.063595952988559912e+00
1.064080195720002564e+00
1.064570399923392641e+00
1.065073803796027008e+00
1.065561836343308810e+00
1.066050153955374835e+00
1.066557536417571228e+00
1.067071765248965631e+00
1.067582598371412894e+00
1.068106250021656045e+00
1.068617430227116083e+00
1.069100564136583165e+00
1.069583185844593443e+00
1.070072990006771807e+00
1.070564085096454399e+00
1.071061049666021558e+00
1.071577006848775326e+00
1.072078903970049568e+00
1.072588662402044424e+00
1.073112116671049998e+00
1.073613259146435572e+00
1.074143814614483938e+00
1.074670087516085060e+00
1.075179562242443376e+00
1.075712305891581844e+00
1.076255395191494824e+00
1.076760711595386555e+00
1.077249994066202365e+00
1.077749517915860045e+00
1.078274977545055080e+00
1.078798522558630957e+00
1.079309298159095931e+00
1.079831049679638166e+00
1.080358431927276097e+00
1.080874453061737350e+00
1.081389688672454996e+00
1.081890691929398907e+00
1.082390062123886443e+00
1.082896278033399273e+00
1.083427844586684285e+00
1.083948222235627368e+00
1.084479147209777450e+00
1.085001126574468344e+00
1.085548699172015796e+00
1.086087129997701961e+00
1.086661420551966240e+00
1.087194942327044833e+00
1.087742435238707506e+00
1.088300361216197443e+00
1.088826864589678589e+00
1.089343724435422267e+00
1.089862296861135116e+00
1.090400843370490147e+00
1.090935606558992133e+00
1.091446585975221817e+00
1.091983581798578795e+00
1.092542538137300845e+00
1.093058726081931553e+00
1.093581493236546631e+00
1.094109973591881113e+00
1.094673360428254583e+00
1.095201005145016060e+00
1.095743096586483611e+00
1.096285903737834078e+00
1.096842678711343444e+00
1.097418670500471816e+00
1.097932834954529202e+00
1.098466123275499307e+00
1.099032129681978054e+00
1.099531806118125843e+00
1.100064609485232880e+00
1.100653458874242485e+00
1.101215046489617100e+00
1.101796542266554990e+00
1.102338204162651047e+00
1.102907688684827248e+00
1.103470308620183804e+00
1.104055651992948306e+00
1.104686402979750737e+00
1.105217715582622384e+00
1.105795784508830426e+00
1.106364079833320080e+00
1.106977193406266657e+00
1.107546396268676459e+00
1.108131302662747508e+00
1.108688419559624716e+00
1.109261441840455387e+00
1.109809226714220776e+00
1.110382407620004175e+00
1.110958873213175213e+00
1.111559110758187252e+00
1.112125275462253704e+00
1.112704342039182004e+00
1.113307901398257416e+00
1.113926437070482001e+00
1.114510999283939041e+00
1.115087553977007984e+00
1.115681081270530450e+00
1.116311145533890103e+00
1.116887803506506849e+00
1.117480895171064637e+00
1.118066438764372394e+00
1.118656967707317929e+00
1.119273238073741794e+00
1.119897311737485524e+00
1.120506808537297561e+00
1.121123503450652592e+00
1.121732115728930612e+00
1.122328778716759290e+00
1.122957354318680601e+00
1.123547202640382325e+00
1.124135559167230403e+00
1.124785366469433390e+00
1.125399522864312774e+00
1.126015677206032350e+00
1.126616122591334257e+00
1.127280285218682065e+00
1.127893636535993949e+00
1.128516486816010689e+00
1.129144166316486952e+00
1.129750763194363516e+00
1.130398703450729014e+00
1.131050105660045046e+00
1.131698881399195500e+00
1.132350940545273632e+00
1.132999797645610984e+00
1.133697174064975499e+00
1.134330800672217698e+00
1.134958031944525603e+00
1.135631692531380299e+00
1.136291621439668775e+00
1.136915291386452420e+00
1.137568278306144043e+00
1.138248606078449132e+00
1.138884606471493033e+00
1.139556875886522436e+00
1.140220940072254052e+00
1.140893601273584634e+00
1.141542859334183424e+00
1.142201999848699634e+00
1.142892873293530176e+00
1.143588956578880822e+00
1.144238367783993127e+00
1.144897235869551722e+00
1.145614191992261555e+00
1.146272761401314177e+00
1.146945366904364993e+00
1.147617149746577692e+00
1.148277528322921626e+00
1.149008957451898905e+00
1.149715040742648853e+00
1.150418981392997031e+00
1.151149764518942797e+00
1.151888054948240425e+00
1.152600687272067992e+00
1.153312955782924920e+00
1.154053406002369719e+00
1.154776159435231264e+00
1.155471275323766145e+00
1.156152657131909622e+00
1.156855595163025718e+00
1.157621693172762756e+00
1.158336530275299481e+00
1.159051010816948724e+00
1.159803676165813480e+00
1.160515003785265842e+00
1.161260958000063903e+00
1.162007594289737211e+00
1.162749511308687644e+00
1.163453811551543149e+00
1.164191960854155550e+00
1.164942896082688195e+00
1.165702439272271684e+00
1.166490749862090670e+00
1.167245839405397279e+00
1.168004597923059551e+00
1.168791562509157389e+00
1.169575622444991136e+00
1.170305377897986832e+00
1.171050469219223400e+00
1.171829720627964644e+00
1.172632784463888411e+00
1.173392665895124143e+00
1.174232086977294420e+00
1.175043755591744121e+00
1.175848956934188116e+00
1.176655503296905270e+00
1.177472568303847167e+00
1.178273279167038057e+00
1.179161476970800093e+00
1.179998467215681357e+00
1.180871845209612081e+00
1.181686643782909885e+00
1.182513560890331439e+00
1.183347375556841108e+00
1.184164782431810670e+00
1.184982851106438195e+00
1.185778482708150117e+00
1.186636920081391766e+00
1.187480783563705122e+00
1.188358070585329163e+00
1.189243103717683825e+00
1.190076006422538191e+00
1.190982524554839106e+00
1.191822537637554191e+00
1.192716976590832534e+00
1.193590687447517729e+00
1.194499742009996535e+00
1.195450296890133712e+00
1.196342665628308932e+00
1.197305359199115182e+00
1.198259249744720645e+00
1.199132720698923071e+00
1.200070290670677275e+00
1.200965450819410973e+00
1.201900782611848184e+00
1.202819261266977691e+00
1.203793605687980772e+00
1.204745737687761720e+00
1.205706630849149086e+00
1.206706034445113929e+00
1.207690438840463232e+00
1.208692578874004830e+00
1.209683043380064937e+00
1.210620285740319879e+00
1.211591557784571505e+00
1.212576667679378772e+00
1.213547770857128505e+00
1.214550701684479428e+00
1.215577933281570377e+00
1.216569805248616687e+00
1.217624981561088671e+00
1.218646794614335560e+00
1.219730037236365305e+00
1.220786060309628329e+00
1.221830341193201441e+00
1.222925698296147168e+00
1.224040643733521616e+00
1.225085578944399956e+00
1.226162109235012121e+00
1.227325697778773650e+00
1.228411903469216471e+00
1.229586445740550760e+00
1.230718065798203309e+00
1.231805377807995372e+00
1.232908661456646904e+00
1.234148757519229145e+00
1.235325299761185214e+00
1.236516626490152593e+00
1.237676670360359887e+00
1.238945871409167898e+00
1.240120975924179358e+00
1.241389547293336948e+00
1.242709481093220880e+00
1.243941228002268806e+00
1.245118287367630305e+00
1.246368967534325245e+00
1.247654252935100239e+00
1.248932874480279676e+00
1.250284048230479117e+00
1.251574404604652413e+00
1.252982466292007935e+00
1.254272751889988768e+00
1.255701846756265283e+00
1.257114797772942660e+00
1.258562103510727948e+00
1.260000008576071862e+00
1.261478669054905577e+00
1.262872860698219579e+00
1.264257293729922793e+00
1.265668786588024730e+00
1.267179211252730475e+00
1.268619063322787399e+00
1.270157059116844955e+00
1.271740104191964482e+00
1.273300549409719151e+00
1.274892137000347869e+00
1.276486854183285224e+00
1.278053518720195347e+00
1.279704029809124233e+00
1.281382612477417915e+00
1.283093675523205190e+00
1.284807936706227283e+00
1.286516788722155802e+00
1.288271772600895870e+00
1.290114534553518100e+00
1.291931557502144834e+00
1.293730308530013362e+00
1.295620388973997006e+00
1.297544376257141474e+00
1.299559859684371599e+00
1.301497526455682285e+00
1.303497206898385441e+00
1.305477171321021590e+00
1.307468777722736730e+00
1.309571706693670290e+00
1.311808819658045300e+00
1.313991278006032770e+00
1.316242874607996827e+00
1.318568847028458224e+00
1.320863200210291577e+00
1.323247172504979474e+00
1.325622047990479668e+00
1.328132807655345360e+00
1.330757176382181717e+00
1.333352271714447035e+00
1.336000111430342363e+00
1.338723400295551258e+00
1.341690132608611474e+00
1.344463671743454825e+00
1.347377833086530474e+00
1.350192720832352533e+00
1.353281345831353510e+00
1.356388396889601333e+00
1.359801899870532571e+00
1.363079461894350475e+00
1.366553348335406648e+00
1.370186714320431820e+00
1.374047112992274444e+00
1.378217688450090517e+00
1.382309329675240672e+00
1.386531573706581089e+00
1.390946680112868927e+00
1.395618269938126765e+00
1.400485287660364397e+00
1.405924482915413831e+00
1.411434814038719399e+00
1.417345629749860114e+00
1.423739380862922177e+00
1.430583262370090925e+00
1.437866661882607255e+00
1.446037861538913560e+00
1.454765912776277981e+00
1.464921074516875699e+00
1.475831121408632596e+00
1.488835615837564186e+00
1.504060536202966869e+00
1.522134692959255409e+00
1.545978778588379621e+00
1.581340006046596969e+00
1.646050212949518476e+00
