5.292361700494506715e-01
5.617425479144894096e-01
5.801375331324900575e-01
5.927499108839984210e-01
6.028809051661240259e-01
6.117096320189956415e-01
6.186563789700958438e-01
6.251807227966240665e-01
6.311079999274129548e-01
6.363827020146187730e-01
6.412545240528819690e-01
6.454790318167569207e-01
6.495794186037936457e-01
6.532677618086334403e-01
6.569594430442452504e-01
6.604381845146011232e-01
6.638437359228062107e-01
6.670617513142463872e-01
6.699532954995872647e-01
6.729167577407005885e-01
6.756674371647566346e-01
6.783799404141751532e-01
6.810298010757552811e-01
6.833845879481886820e-01
6.857830047639460469e-01
6.880685397345789323e-01
6.903893830722287461e-01
6.925068866963146608e-01
6.946464143909502065e-01
6.966795607545833713e-01
6.987855287432708229e-01
7.007747040267222616e-01
7.026858520684606813e-01
7.046164036595868874e-01
7.064163019608906691e-01
7.081141390143861347e-01
7.098840571102799091e-01
7.116341804264251225e-01
7.133031785972064887e-01
7.149946489948875161e-01
7.166460637420316582e-01
7.181627478497925043e-01
7.197484905485342921e-01
7.212793991094427204e-01
7.227564660458138945e-01
7.242082204737376738e-01
7.255756615403413656e-01
7.270075112533962436e-01
7.284669699568481205e-01
7.299172233266033594e-01
7.312823288491080431e-01
7.326854380411274015e-01
7.339512660397844446e-01
7.352669674372632747e-01
7.365441053758757795e-01
7.378349613109488336e-01
7.390867314055299397e-01
7.403574219281087165e-01
7.415965492889194932e-01
7.428043397098288425e-01
7.439939691167556379e-01
7.450884387505994910e-01
7.462502256378816812e-01
7.473783535914757525e-01
7.485736382677179446e-01
7.497052971601966265e-01
7.508129590994763181e-01
7.519088807322693579e-01
7.529359299254292370e-01
7.540404525703915395e-01
7.551327700150781697e-01
7.561404167114343933e-01
7.572396637550284915e-01
7.582787214827333422e-01
7.593143592759532545e-01
7.603526710344397088e-01
7.613949711323599878e-01
7.623979312346027548e-01
7.634508410271183543e-01
7.644243351540047637e-01
7.654693478751435354e-01
7.664687330701138723e-01
7.675319183253836997e-01
7.684686144385526330e-01
7.694695674016763798e-01
7.704330998079969017e-01
7.714250537035850508e-01
7.723535876928273591e-01
7.732498036987592860e-01
7.741798621293553007e-01
7.750861724934176022e-01
7.760131192029432468e-01
7.769254328275817523e-01
7.777831080021769816e-01
7.787186324989985309e-01
7.796283556131411441e-01
7.804630478408418615e-01
7.813432883831820108e-01
7.821811378992861163e-01
7.830124792795744026e-01
7.838965794814591881e-01
7.847301797889616459e-01
7.855413638653394592e-01
7.863628530060068345e-01
7.872684294286110829e-01
7.881306736542980085e-01
7.889738722773573798e-01
7.898107024648874930e-01
7.906024229431211081e-01
7.914221194009176674e-01
7.922429362966605382e-01
7.930582436125661605e-01
7.938735665465931346e-01
7.946935716455281185e-01
7.954892069271767285e-01
7.962615200772941160e-01
7.970296574288672220e-01
7.977991902833647675e-01
7.985384322801258872e-01
7.993294803469696008e-01
8.000952645117063167e-01
8.008435870801058343e-01
8.015880697296801083e-01
8.023052772754463158e-01
8.029995032966440460e-01
8.037753425353946213e-01
8.045039414911632214e-01
8.052383474337151403e-01
8.059706859208918273e-01
8.066828236166851962e-01
8.073988188768758123e-01
8.080914052118640667e-01
8.087823719995835825e-01
8.095229005847812687e-01
8.102186918905533997e-01
8.109150947359954342e-01
8.116201039020785046e-01
8.123237720069665935e-01
8.130341980410172864e-01
8.137269512291204210e-01
8.144014227525422367e-01
8.150994510326787790e-01
8.158037242394754474e-01
8.164878986968046037e-01
8.172182478976481868e-01
8.178733707726077995e-01
8.185231479110196551e-01
8.192274159844070702e-01
8.199065265797923496e-01
8.205765568345507743e-01
8.212423017739570730e-01
8.219049766363535348e-01
8.225484682032500050e-01
8.231766261712750721e-01
8.238426209339849704e-01
8.244771256213029309e-01
8.251221285167488206e-01
8.257182417038860800e-01
8.263217626819265860e-01
8.269494692180344719e-01
8.275817328673502615e-01
8.282021311389156093e-01
8.288609380282508932e-01
8.294903072065469285e-01
8.300838519285406170e-01
8.307088690408217513e-01
8.313355780648278293e-01
8.319568038855538195e-01
8.325790110479396322e-01
8.331804945606237078e-01
8.338133399906171306e-01
8.344196338493077292e-01
8.349915704237622638e-01
8.356196684602923419e-01
8.362289346845620530e-01
8.368377297776381507e-01
8.374493764505235305e-01
8.380487256975407417e-01
8.386796090471835274e-01
8.392625852487930471e-01
8.398635975686703503e-01
8.404565468544391571e-01
8.410647009883036596e-01
8.416857274712623571e-01
8.422934096037431040e-01
8.428629364070188146e-01
8.434569324351324227e-01
8.440200927027361466e-01
8.445901977535128502e-01
8.451792321730006163e-01
8.457581661731362610e-01
8.463159725035015457e-01
8.468767986485812305e-01
8.474766963730129277e-01
8.480665430424688678e-01
8.486384172447491991e-01
8.492260011813521636e-01
8.498057710420929833e-01
8.503543132245432457e-01
8.509001353552468894e-01
8.514889050848271079e-01
8.520783957772595230e-01
8.526690745423904927e-01
8.531941771806831332e-01
8.537665791755166822e-01
8.543202027627734285e-01
8.548875676995132400e-01
8.554575189216241382e-01
8.559961503940801686e-01
8.565224354422368291e-01
8.570919385410370461e-01
8.576252517286594435e-01
8.581997925184162712e-01
8.587287097180908990e-01
8.592502612357161285e-01
8.597817098867069907e-01
8.603312678138863578e-01
8.608884913974307329e-01
8.614099851534762209e-01
8.619638988031814719e-01
8.625026805634364857e-01
8.630019475244543603e-01
8.635464512523450820e-01
8.640897855911410241e-01
8.646404791687926084e-01
8.651883799477851911e-01
8.657038988321501538e-01
8.662301884733849544e-01
8.667533251225738589e-01
8.672843225525221911e-01
8.678076003324239895e-01
8.683547128666332382e-01
8.688696766939079108e-01
8.693969533243909309e-01
8.699360711934768231e-01
8.704612561025387718e-01
8.709748352720507736e-01
8.714867865146446180e-01
8.720099126005753654e-01
8.725273977059043728e-01
8.730245228170934180e-01
8.735371998609767763e-01
8.740588431202408470e-01
8.745856084353564874e-01
8.751023172704701647e-01
8.756254501155359415e-01
8.761362555969091082e-01
8.766368239847851518e-01
8.771241810843880549e-01
8.776328521733979260e-01
8.781735440460498587e-01
8.786751272515326283e-01
8.791678162984942757e-01
8.796921832775458361e-01
8.802038175769669737e-01
8.807127147095924480e-01
8.811664008353540245e-01
8.816679721655646951e-01
8.821425071655567551e-01
8.826710238414225973e-01
8.831381536703649671e-01
8.836527273274032979e-01
8.841711394516771350e-01
8.846516375756300343e-01
8.851249812535546546e-01
8.856135589113081075e-01
8.861025675802854940e-01
8.865792272976966704e-01
8.870510657910857244e-01
8.875279688823909385e-01
8.879914011102233440e-01
8.884826282755301508e-01
8.889642790178705622e-01
8.894307029715582402e-01
8.899276431086898809e-01
8.904311691213471214e-01
8.909188996616357326e-01
8.914165708736826454e-01
8.919015253944483357e-01
8.923755383065578028e-01
8.928402343081537351e-01
8.933273366487077816e-01
8.938365452809846623e-01
8.942999939906446372e-01
8.947849833348816562e-01
8.952752398807568568e-01
8.957444625256192339e-01
8.962398097114183670e-01
8.967241438698626554e-01
8.972053224740047517e-01
8.976977383204963745e-01
8.981885567593196340e-01
8.986665202084492821e-01
8.991460186867289428e-01
8.996352526234027147e-01
9.001277878036370028e-01
9.005996270053526764e-01
9.010867906106190262e-01
9.015519551678263799e-01
9.020201287015316982e-01
9.024834385450631880e-01
9.029581966852028296e-01
9.034334529289187454e-01
9.039090893104466673e-01
9.043586503457294867e-01
9.048448892524373344e-01
9.053013105034344310e-01
9.057788698904206681e-01
9.062545904888725801e-01
9.067172957199562955e-01
9.071989069836494668e-01
9.076685390561533007e-01
9.081103526437588336e-01
9.085791174852955177e-01
9.090361273263330988e-01
9.094828327929763701e-01
9.099277956899854969e-01
9.103955233982257145e-01
9.108790859980933075e-01
9.113206980327406281e-01
9.117724028229264865e-01
9.122583821601057963e-01
9.127292130392976599e-01
9.131974902906059288e-01
9.136742425585701044e-01
9.141217748622177952e-01
9.145711223524906064e-01
9.150365095381101099e-01
9.155067241493505259e-01
9.159627685758559013e-01
9.164283736252535340e-01
9.168874712537865568e-01
9.173381208922658514e-01
9.177888980717594514e-01
9.182574205779987508e-01
9.187239833853302340e-01
9.191822975328721723e-01
9.196346783842067607e-01
9.201120571908543155e-01
9.205536707635401106e-01
9.209858717998001820e-01
9.214336932216683484e-01
9.218986407811180506e-01
9.223536934738567616e-01
9.227569406266014074e-01
9.232382001112788839e-01
9.236843448056962780e-01
9.241202702721258433e-01
9.245730082414940210e-01
9.250085330560017249e-01
9.254632765944821315e-01
9.259205534009937733e-01
9.263863145191110204e-01
9.268152790037040845e-01
9.272452598713999405e-01
9.276786053674066501e-01
9.281206433559773261e-01
9.286061452725213883e-01
9.290623825138675240e-01
9.295031725220341823e-01
9.299420958636853696e-01
9.303803472830090016e-01
9.307993199572160981e-01
9.312463333581361136e-01
9.316792064524249684e-01
9.321199079939623822e-01
9.325622338810067857e-01
9.330092374406163680e-01
9.334597462724348871e-01
9.339172565889120037e-01
9.343602459531679116e-01
9.347793407212200423e-01
9.352067965627942625e-01
9.356582426015145337e-01
9.361143717487693250e-01
9.365436403541927968e-01
9.369821986782190804e-01
9.374115620449062769e-01
9.378601780901770768e-01
9.382910190126289018e-01
9.387276494685872219e-01
9.391669217824227811e-01
9.396117538782562395e-01
9.400374711076046053e-01
9.404645577647008370e-01
9.409008650522805439e-01
9.413528124526977514e-01
9.417956521691752680e-01
9.422328499920260558e-01
9.426853964787059725e-01
9.431158474744616438e-01
9.435515706962260829e-01
9.439994820657420238e-01
9.444228725004462088e-01
9.448413761269585098e-01
9.452904834126554245e-01
9.457261258742025722e-01
9.461529008439842903e-01
9.466176125994495427e-01
9.470564926495083080e-01
9.474916659554345477e-01
9.478971208175657193e-01
9.483300022779929117e-01
9.487590998765339512e-01
9.492003121020411438e-01
9.496269227135509805e-01
9.500774992106222339e-01
9.505353031678279718e-01
9.509517432933042302e-01
9.513752842519310748e-01
9.518067771766139940e-01
9.522475453663610256e-01
9.526511049720285396e-01
9.530982671204207834e-01
9.535182721770750769e-01
9.539593063483324809e-01
9.543868150661015681e-01
9.548115042690819010e-01
9.552701372645362454e-01
9.556855947579869781e-01
9.560997006206117810e-01
9.565444055979351878e-01
9.569904146951492274e-01
9.574267164846973488e-01
9.578562187664666494e-01
9.583033493569925731e-01
9.587403408074458566e-01
9.591722647821933068e-01
9.595906603230116572e-01
9.600304235217460569e-01
9.604380212037814113e-01
9.608818457795728074e-01
9.613097739920859475e-01
9.617383469501316062e-01
9.621628802882338238e-01
9.626138217175453926e-01
9.630558551362849995e-01
9.634665110092640594e-01
9.639163369151428906e-01
9.643545574072163173e-01
9.647843179010811010e-01
9.651979133118129273e-01
9.656238177881956153e-01
9.660602063479629686e-01
9.664957559252133068e-01
9.669006279636791490e-01
9.673250973570436395e-01
9.677615773066050586e-01
9.681973221831240428e-01
9.686323901357912769e-01
9.690765749354107728e-01
9.695060410744419377e-01
9.699334584717900221e-01
9.703837814099168790e-01
9.708223704671604670e-01
9.712617227827994304e-01
9.716760088635589820e-01
9.721193657335785998e-01
9.725661171449435649e-01
9.729844368834614787e-01
9.733979555180665155e-01
9.738362290988122894e-01
9.742624724973174555e-01
9.747022075355744608e-01
9.751495498540705409e-01
9.755766856069620907e-01
9.760078994813433662e-01
9.764319799056210281e-01
9.768706633017584240e-01
9.773268754168846773e-01
9.777842799324979461e-01
9.782217343035641832e-01
9.786599442839812868e-01
9.790967713574207920e-01
9.795419361014616744e-01
9.799912347799839551e-01
9.804416885250366587e-01
9.808528262475515458e-01
9.813061633264198447e-01
9.817183606559710674e-01
9.821460214972820291e-01
9.825763637719550081e-01
9.829990187861107342e-01
9.834459822490144720e-01
9.838552264720049623e-01
9.843279221139474844e-01
9.847606123493778396e-01
9.851786938619974121e-01
9.856246803966222103e-01
9.860510177498599260e-01
9.864811654702431154e-01
9.869254517194423482e-01
9.873784288157725353e-01
9.878447026880072812e-01
9.882799395141542709e-01
9.887278377184707256e-01
9.891491686089171065e-01
9.895876075066905031e-01
9.900210909454676411e-01
9.904674427486335198e-01
9.908632444957891083e-01
9.912980304148943933e-01
9.917112073627181168e-01
9.921524665701654255e-01
9.925786264620689581e-01
9.930030626452195364e-01
9.934505013242986848e-01
9.938740792379127109e-01
9.943185994785755932e-01
9.947609414687241802e-01
9.951788959132198409e-01
9.956276752398575125e-01
9.960581483413125659e-01
9.964965799243806766e-01
9.969570417625855940e-01
9.974161727906062369e-01
9.978407175035253207e-01
9.982833187952276921e-01
9.987176196589069299e-01
9.991554503983970381e-01
9.996005710578104164e-01
1.000013987533237225e+00
1.000458302954062573e+00
1.000895188374832490e+00
1.001308412807410120e+00
1.001734017356793460e+00
1.002172330173747961e+00
1.002626212322769605e+00
1.003072972235963922e+00
1.003519907753796181e+00
1.003963500872221637e+00
1.004397490735510878e+00
1.004842520456378896e+00
1.005271577502299785e+00
1.005716553500003663e+00
1.006165140654542434e+00
1.006601084697960280e+00
1.007054128117491842e+00
1.007482298477768046e+00
1.007945450518208830e+00
1.008359447390271280e+00
1.008822917574041078e+00
1.009238542334008448e+00
1.009686761550636858e+00
1.010112502444279192e+00
1.010562750619558692e+00
1.011018474873287998e+00
1.011453351104590670e+00
1.011869876854671890e+00
1.012309900412933672e+00
1.012764080215374785e+00
1.013212770706712007e+00
1.013666260713046885e+00
1.014084419933376946e+00
1.014523576372546865e+00
1.014981954164301925e+00
1.015416082330596437e+00
1.015864032231309055e+00
1.016312173134051866e+00
1.016765791808987185e+00
1.017214739456531625e+00
1.017670342430760044e+00
1.018123458274253101e+00
1.018605831298151854e+00
1.019045584044874220e+00
1.019469069411606643e+00
1.019924608653958842e+00
1.020353719230828959e+00
1.020793881972348105e+00
1.021243187009056808e+00
1.021679859978447347e+00
1.022129881107336269e+00
1.022566804641094063e+00
1.023041813472405304e+00
1.023496279751386462e+00
1.023961278926170504e+00
1.024422012842370888e+00
1.024855656596334041e+00
1.025316622630937147e+00
1.025787957674559436e+00
1.026226699273071530e+00
1.026697395143132630e+00
1.027160042134413809e+00
1.027608995043045370e+00
1.028071090184362824e+00
1.028533076751251940e+00
1.028971570042279682e+00
1.029439114616556461e+00
1.029901088696313360e+00
1.030394144650795596e+00
1.030855702528648221e+00
1.031309144371688191e+00
1.031743152223322246e+00
1.032189287344091433e+00
1.032655096438553244e+00
1.033148097887652828e+00
1.033587611160171171e+00
1.034010623835263321e+00
1.034471592301132059e+00
1.034942503046112350e+00
1.035399514319998771e+00
1.035865056050178978e+00
1.036311224871006686e+00
1.036782039197893246e+00
1.037213591609226881e+00
1.037671162132475455e+00
1.038160742935908321e+00
1.038618761180536643e+00
1.039087990743354117e+00
1.039542068580584733e+00
1.040008949912605729e+00
1.040463311029229176e+00
1.040929805479181125e+00
1.041373016465246160e+00
1.041861325979202668e+00
1.042356403719435498e+00
1.042825102207759258e+00
1.043296332152888750e+00
1.043772404580451729e+00
1.044253215820848624e+00
1.044724178195288733e+00
1.045218353473883477e+00
1.045710601402684681e+00
1.046183728838082194e+00
1.046652018768115644e+00
1.047115876439430826e+00
1.047597297893863244e+00
1.048068479353213567e+00
1.048550632573627128e+00
1.049027224439558648e+00
1.049517005652623514e+00
1.049976297092403366e+00
1.050448513526900607e+00
1.050912279679633299e+00
1.051378009694190707e+00
1.051867242109515210e+00
1.052350226757915674e+00
1.052827699327504751e+00
1.053296725920106480e+00
1.053751626540958108e+00
1.054247475688437463e+00
1.054740617059968910e+00
1.055229310283863020e+00
1.055700613490407003e+00
1.056205478128936281e+00
1.056679992521193823e+00
1.057170485225513712e+00
1.057648901731339519e+00
1.058148814615434530e+00
1.058630773071238318e+00
1.059099530175126258e+00
1.059619169319915288e+00
1.060117909767622990e+00
1.060621814393669649e+00
1.061087118517471062e+00
1.061577241602557953e+00
1.062073149988817633e+00
1.062575196124915244e+00
1.063065514718807947e+00
1.063558084435560103e+00
1.064052428126954331e+00
1.064554295096671099e+00
1.065049639150301930e+00
1.065543596963307804e+00
1.066063690570455469e+00
1.066570453535480079e+00
1.067092031402751662e+00
1.067593618826008228e+00
1.068087295199272146e+00
1.068606782594220039e+00
1.069097112309326914e+00
1.069585285713053668e+00
1.070110981575870257e+00
1.070615626143036625e+00
1.071138680207651683e+00
1.071639380937829955e+00
1.072163819862135048e+00
1.072687487783779980e+00
1.073185546199153517e+00
1.073690409120909628e+00
1.074205384809630903e+00
1.074741045647298998e+00
1.075238880851314915e+00
1.075771985134159170e+00
1.076261856294096653e+00
1.076765931229019868e+00
1.077277231371920996e+00
1.077760289956149808e+00
1.078293538922975747e+00
1.078809676529018935e+00
1.079376189572924361e+00
1.079895947068897577e+00
1.080448470648172288e+00
1.080953913156153856e+00
1.081450718084753237e+00
1.081977106862630933e+00
1.082524692221661589e+00
1.083044833013085739e+00
1.083592978978462185e+00
1.084081610322820355e+00
1.084626249444731627e+00
1.085162982667102316e+00
1.085696423208049710e+00
1.086218659661460695e+00
1.086763332730550147e+00
1.087329582579911857e+00
1.087857417800357718e+00
1.088378192317947857e+00
1.088902239385744153e+00
1.089447219302926984e+00
1.089986718085597328e+00
1.090514501339790998e+00
1.091023353132655194e+00
1.091558511117208141e+00
1.092090071361533798e+00
1.092620284734534541e+00
1.093145366934816343e+00
1.093701865897707348e+00
1.094220058223644765e+00
1.094755628479924026e+00
1.095302751708620903e+00
1.095871918756001762e+00
1.096406294598469389e+00
1.096981722841387397e+00
1.097546694124011735e+00
1.098099591419334997e+00
1.098700784274040165e+00
1.099240577804720953e+00
1.099814272958866468e+00
1.100394785605513404e+00
1.100980057876944640e+00
1.101555520984638381e+00
1.102136040872950140e+00
1.102687618458996655e+00
1.103237519593064819e+00
1.103778608928321470e+00
1.104311425950247338e+00
1.104896815227695450e+00
1.105461443119337916e+00
1.106025239668658067e+00
1.106617231130968326e+00
1.107186480647881499e+00
1.107738866628094732e+00
1.108325954158329019e+00
1.108906437545598589e+00
1.109476814960924207e+00
1.110065816301806896e+00
1.110667207497298747e+00
1.111259724986113362e+00
1.111863728451304212e+00
1.112437827178476279e+00
1.113012869570826346e+00
1.113617422276119262e+00
1.114209514077447505e+00
1.114823394608335683e+00
1.115392837402889192e+00
1.115996555794065426e+00
1.116597559784034743e+00
1.117198641689013394e+00
1.117794615793810120e+00
1.118358768586019236e+00
1.118979248199098331e+00
1.119602668967255799e+00
1.120209126907197650e+00
1.120802887466091136e+00
1.121407774068662766e+00
1.122001981346972377e+00
1.122587123285697208e+00
1.123213130292224138e+00
1.123835749268687900e+00
1.124444892323850143e+00
1.125093545385704275e+00
1.125684040977738665e+00
1.126298232832082080e+00
1.126928579906322447e+00
1.127539944295938623e+00
1.128158303787716532e+00
1.128795820484329804e+00
1.129402211915087495e+00
1.130052054701338182e+00
1.130708897862867879e+00
1.131311913711968264e+00
1.132006809282599447e+00
1.132638862929122858e+00
1.133299170881609363e+00
1.133939746512008462e+00
1.134604021682055652e+00
1.135239313024863472e+00
1.135870026277940870e+00
1.136534897250184750e+00
1.137171999108384846e+00
1.137831378218258971e+00
1.138489949401611856e+00
1.139142265016513944e+00
1.139834767446124442e+00
1.140472225802158235e+00
1.141184333339173795e+00
1.141876336021926175e+00
1.142554142289148755e+00
1.143236284955372550e+00
1.143923782081612828e+00
1.144578587071108933e+00
1.145229768720455565e+00
1.145902860725188210e+00
1.146585967061335420e+00
1.147260044408545676e+00
1.147994081726643856e+00
1.148721318972403038e+00
1.149417421742954470e+00
1.150125281349056117e+00
1.150834664443633804e+00
1.151540317616041031e+00
1.152249565497311279e+00
1.152923553703336212e+00
1.153649085958815768e+00
1.154368500170835254e+00
1.155086256930442534e+00
1.155783372903800954e+00
1.156560592264193499e+00
1.157284776447802699e+00
1.158022120650014308e+00
1.158743976484481131e+00
1.159525620575265092e+00
1.160263701049240259e+00
1.160993666659451362e+00
1.161756257615756294e+00
1.162487762641985833e+00
1.163244848375313500e+00
1.163983876255531236e+00
1.164737647492561701e+00
1.165469444151781664e+00
1.166182773135135742e+00
1.166978502481059055e+00
1.167736918699969761e+00
1.168530897874010543e+00
1.169319269573068754e+00
1.170096966686652973e+00
1.170834992466976088e+00
1.171644998807841898e+00
1.172454307220663461e+00
1.173240414632848339e+00
1.174028850929255574e+00
1.174854324120198523e+00
1.175638201103605951e+00
1.176454846593523174e+00
1.177251597663550253e+00
1.178052311170419308e+00
1.178882274385678386e+00
1.179700084465507004e+00
1.180533761041280716e+00
1.181326349004014009e+00
1.182166541546761263e+00
1.182985338665857755e+00
1.183776395618905575e+00
1.184646094603223121e+00
1.185467985684536929e+00
1.186305751113450935e+00
1.187172553531392172e+00
1.188019572404312552e+00
1.188862631902967815e+00
1.189685340876894593e+00
1.190626323062927483e+00
1.191535393216636818e+00
1.192431730659327282e+00
1.193317312366410032e+00
1.194231348203827814e+00
1.195110238274254222e+00
1.196011334316607666e+00
1.196964655774271469e+00
1.197918219219062275e+00
1.198827612871684378e+00
1.199704220350044315e+00
1.200653545846561698e+00
1.201562486600254998e+00
1.202450083684209137e+00
1.203359464989961713e+00
1.204323690166403171e+00
1.205271434924708007e+00
1.206271379346023798e+00
1.207229190018987541e+00
1.208211544846028440e+00
1.209125861241731048e+00
1.210082562698229891e+00
1.211104151760305836e+00
1.212106616536972936e+00
1.213132019120152227e+00
1.214101064636405880e+00
1.215102383633139826e+00
1.216119372010397992e+00
1.217189082985690840e+00
1.218276421549375765e+00
1.219340733511389718e+00
1.220452446778874878e+00
1.221532439913987966e+00
1.222665105388331730e+00
1.223690537557695190e+00
1.224797659356218649e+00
1.225912004763681340e+00
1.227001035955880059e+00
1.228098194420391920e+00
1.229204269747606881e+00
1.230329203870641264e+00
1.231505324080606201e+00
1.232611807954888672e+00
1.233790259982587179e+00
1.234975826235692242e+00
1.236091426625852696e+00
1.237296056424172619e+00
1.238517727100089338e+00
1.239770095899495495e+00
1.240961215910396653e+00
1.242180670354332550e+00
1.243506443070801604e+00
1.244764007774378012e+00
1.246062382825179782e+00
1.247311612844808515e+00
1.248634275335891664e+00
1.249938400473974642e+00
1.251268110547269830e+00
1.252461521905385178e+00
1.253829116569933788e+00
1.255221836593381379e+00
1.256571146081471468e+00
1.257856015323630450e+00
1.259289936148934030e+00
1.260744566889545171e+00
1.262190150463733618e+00
1.263573540379890447e+00
1.265060434239449805e+00
1.266484477882126480e+00
1.268008393583397231e+00
1.269484278767642138e+00
1.271007415490857273e+00
1.272534156410419115e+00
1.274004299131785034e+00
1.275614851680983319e+00
1.277158136404521693e+00
1.278810931688906916e+00
1.280435564281340977e+00
1.282051435595244593e+00
1.283737356806428531e+00
1.285317866275583754e+00
1.287130690711045133e+00
1.288794158052104954e+00
1.290597730791559705e+00
1.292453324750531651e+00
1.294344144524946172e+00
1.296239185110062531e+00
1.298289243453889075e+00
1.300271446470609993e+00
1.302171398252844892e+00
1.304148218632149803e+00
1.306224764005650352e+00
1.308362782923731649e+00
1.310460576404638422e+00
1.312643604825830979e+00
1.314955616121484816e+00
1.317210034235388072e+00
1.319446118493508902e+00
1.321707343782274391e+00
1.324107875293404568e+00
1.326488767805530378e+00
1.329039235914270423e+00
1.331573542850417180e+00
1.334166324417626281e+00
1.336969071175717172e+00
1.339630012161416861e+00
1.342504135675153920e+00
1.345421769348966290e+00
1.348331242131311392e+00
1.351244340728942284e+00
1.354236696245584737e+00
1.357496740769309707e+00
1.360830036692421308e+00
1.364276131424776439e+00
1.368003366181023583e+00
1.371490655914639145e+00
1.375236326717627522e+00
1.379257018069602880e+00
1.383357154079031703e+00
1.387456411133241474e+00
1.391903887042056809e+00
1.396546256192022106e+00
1.401452515876651539e+00
1.406816996248283047e+00
1.412432376047831450e+00
1.418629692400624309e+00
1.425040865216212982e+00
1.431834569420293191e+00
1.439066019361633142e+00
1.447323958509187269e+00
1.455518059333537950e+00
1.466175194509848456e+00
1.477271730281935591e+00
1.489984850239867376e+00
1.505653756436853952e+00
1.524102754151751116e+00
1.548236850850843727e+00
1.582929906084374450e+00
1.648453930372627330e+00
