1.214926421349668999e+02
1.461377048186307945e+02
1.616636624769350590e+02
1.739363695656698781e+02
1.836810994275498103e+02
1.928349415542816701e+02
2.004986805037571287e+02
2.072731652110763321e+02
2.135565811763955253e+02
2.196888134314673664e+02
2.252065754897610645e+02
2.304054638269464306e+02
2.350559167374252922e+02
2.396189330394152535e+02
2.442134342247710208e+02
2.487011097402489099e+02
2.527435959638376346e+02
2.567734775854325449e+02
2.607100843826104892e+02
2.644063329398135238e+02
2.679416566510123516e+02
2.714468435401486772e+02
2.750394269878157729e+02
2.782121879288572472e+02
2.813599338517169031e+02
2.846370820115677134e+02
2.880054895202621879e+02
2.909954901789595283e+02
2.938972316535554796e+02
2.969315120701735395e+02
2.997682545213125422e+02
3.027397908608519401e+02
3.055895182455135455e+02
3.084239970667522925e+02
3.110976312159616555e+02
3.135947070017709279e+02
3.161458988910347898e+02
3.187358818309363642e+02
3.212800784552778168e+02
3.237762013279537427e+02
3.263180152038493702e+02
3.287983211104179304e+02
3.311124826937553394e+02
3.334187033640623099e+02
3.356623148659095364e+02
3.380383638900634651e+02
3.402334658276769233e+02
3.425794538540750978e+02
3.447673087681578750e+02
3.470085744541695476e+02
3.492528259223259397e+02
3.514333844433629110e+02
3.535594245001664717e+02
3.557740268071127616e+02
3.577620233203955991e+02
3.598850108516675732e+02
3.618558771802626666e+02
3.637987790999962385e+02
3.657725637260140843e+02
3.677321324472118249e+02
3.696504136814356229e+02
3.715325805151422855e+02
3.735080571467699997e+02
3.753842744955022681e+02
3.772942105982933185e+02
3.792476223379772478e+02
3.811976445037074086e+02
3.830819530772832309e+02
3.849398017987811613e+02
3.867599127744824159e+02
3.886249712788982151e+02
3.904446525979121816e+02
3.922308349922947741e+02
3.940501255711710087e+02
3.957653492139837681e+02
3.975991804609835754e+02
3.994322861989517719e+02
4.012852613539599815e+02
4.030128465735272698e+02
4.047292762605275698e+02
4.064992470805386233e+02
4.081793156537411278e+02
4.098992567321575962e+02
4.115198049176705126e+02
4.132075585760883882e+02
4.147816682518317180e+02
4.164087036592990216e+02
4.180230796606125523e+02
4.196496410493784310e+02
4.213898003445734162e+02
4.229408553838705984e+02
4.245475008480698307e+02
4.261963525017122265e+02
4.277720106959462782e+02
4.294673336812533648e+02
4.311122650845878184e+02
4.326612310136456472e+02
4.342371970107407719e+02
4.357822963906511973e+02
4.374549707867486745e+02
4.390371358484097186e+02
4.405879272961850006e+02
4.421005605671980447e+02
4.436524979000709550e+02
4.452058566182177515e+02
4.467510983705588501e+02
4.482155450297572088e+02
4.496708174907652165e+02
4.511639918554106430e+02
4.525595101562673221e+02
4.540761530471460787e+02
4.554982407153338499e+02
4.569926799957390244e+02
4.584748737146542794e+02
4.599542441072208590e+02
4.613624107385987259e+02
4.628700274428026091e+02
4.642395912701591101e+02
4.656731158961198389e+02
4.670413141791069052e+02
4.685294464546685731e+02
4.700637188361235985e+02
4.714038831592166048e+02
4.728719659102426931e+02
4.743707640443910805e+02
4.758671754445221609e+02
4.772037906740832796e+02
4.786228817854612885e+02
4.799933610852611423e+02
4.813770010813929048e+02
4.827324862131926579e+02
4.841706780242321884e+02
4.855950601385329151e+02
4.870145178728607789e+02
4.883536436836004668e+02
4.896985634210121248e+02
4.910996693245373308e+02
4.924218367100939417e+02
4.937870031715611958e+02
4.951302751237003577e+02
4.965051241229447783e+02
4.978640626946744874e+02
4.992134367669149810e+02
5.005654386081933467e+02
5.018815537983995227e+02
5.032024404600497860e+02
5.045497884804032083e+02
5.058191605297588467e+02
5.071790071807128584e+02
5.084377707603445629e+02
5.097902565826792625e+02
5.110991311867376794e+02
5.124599664692777878e+02
5.137790995174289037e+02
5.151021925305417426e+02
5.164771745476988372e+02
5.177564661004637401e+02
5.190997204490776085e+02
5.204234405208260341e+02
5.216986650324258790e+02
5.230663235690415149e+02
5.243046161909653620e+02
5.255561045594978395e+02
5.268672549167208672e+02
5.281035023555410817e+02
5.294184807003711057e+02
5.306761740687246629e+02
5.319694799328327690e+02
5.332071965947570789e+02
5.344694613396321756e+02
5.357669243492221085e+02
5.370403421288693835e+02
5.382961041166770428e+02
5.395728946184643746e+02
5.408778501894867077e+02
5.421206704835698247e+02
5.433560481202790697e+02
5.445884925276011472e+02
5.458336175164554334e+02
5.470686390746188863e+02
5.483826278641026875e+02
5.496854140307708576e+02
5.508907616162326804e+02
5.521144508210969661e+02
5.533260113555957105e+02
5.545370705420800732e+02
5.557671968099429023e+02
5.569550629126148351e+02
5.581688176452601056e+02
5.594261653264345568e+02
5.606298559756361328e+02
5.618710524270295537e+02
5.630807202777471048e+02
5.642660967158128642e+02
5.655484983374014973e+02
5.668036120363051396e+02
5.680128168829679680e+02
5.692607461255869339e+02
5.704622964283695410e+02
5.716621239350379255e+02
5.728658614226790178e+02
5.740429416720887730e+02
5.752525203333809714e+02
5.764387216707079915e+02
5.776236382146223605e+02
5.788519531980950887e+02
5.799955009950494969e+02
5.811872101634685350e+02
5.823706157988589212e+02
5.835690114553666490e+02
5.847753939941852650e+02
5.859842307487061817e+02
5.871866982316114445e+02
5.883774688166017768e+02
5.896099836918916708e+02
5.907443661504765942e+02
5.919904206376879756e+02
5.931553880703327195e+02
5.943342984969442568e+02
5.954789614306537260e+02
5.965997351856894966e+02
5.977996544486273933e+02
5.989763305605375763e+02
6.001986880758105372e+02
6.013754403876732795e+02
6.025092104839367266e+02
6.036731714716428314e+02
6.048517468926178253e+02
6.059852286987718344e+02
6.072128182093432542e+02
6.083660587378976743e+02
6.095219758500261378e+02
6.106804508729118197e+02
6.118413217131035253e+02
6.130067793347091083e+02
6.141739610228253241e+02
6.153390167492160572e+02
6.164598678132460918e+02
6.176283827637753348e+02
6.188351932493045524e+02
6.200021314886436130e+02
6.211444281268289842e+02
6.223056406229189861e+02
6.234379833910195430e+02
6.246299862169555581e+02
6.257435436439674277e+02
6.268925583669730486e+02
6.280007941609266027e+02
6.292023496016580566e+02
6.303815725905950558e+02
6.315459214051743402e+02
6.327341264839980113e+02
6.338954746577996957e+02
6.350319962815789268e+02
6.361193360842731863e+02
6.372323573167246877e+02
6.383568107761225292e+02
6.395400106585695994e+02
6.406655921255435260e+02
6.418572192148589011e+02
6.430094291403333955e+02
6.441214136798843128e+02
6.453148160381788330e+02
6.464373049921822485e+02
6.475728165930537443e+02
6.486870839823914139e+02
6.498052717827637252e+02
6.509552410428898384e+02
6.520670081144731967e+02
6.532391513184736596e+02
6.543284009222534223e+02
6.554511422536729697e+02
6.565813539999926434e+02
6.577367284065312560e+02
6.588990638115014917e+02
6.599922004287629989e+02
6.611310348789280624e+02
6.622301243288229671e+02
6.634182801049354339e+02
6.645599989434815598e+02
6.656482165925423260e+02
6.668349245763723729e+02
6.679683434146007812e+02
6.691056678798688608e+02
6.702188814259632181e+02
6.713501843910286198e+02
6.725152279340499035e+02
6.736383924113504236e+02
6.748083015186791727e+02
6.758763717415130259e+02
6.769695288490258918e+02
6.781005635734320549e+02
6.791932687615789064e+02
6.802375961776969007e+02
6.813441913819087858e+02
6.824432131645685331e+02
6.835467399254539487e+02
6.846517495719913313e+02
6.857562928196110761e+02
6.869138632479655371e+02
6.880261377532332290e+02
6.891613330285830443e+02
6.902545556860245597e+02
6.913503956416124083e+02
6.924685094127830780e+02
6.936029854431018293e+02
6.946893670190103194e+02
6.958238461480748356e+02
6.969849153311038208e+02
6.980802396520778075e+02
6.991814504601719591e+02
7.003071692444846121e+02
7.014553239043660824e+02
7.026241989798851364e+02
7.037401912701852780e+02
7.048670106999024938e+02
7.059144474074872733e+02
7.070012123167433629e+02
7.081523456645013539e+02
7.092646261284702405e+02
7.103503922450927348e+02
7.115140209379911767e+02
7.125955926816220654e+02
7.136727967799263297e+02
7.147574120870360730e+02
7.159026465100315590e+02
7.170149552750408475e+02
7.181568387193362923e+02
7.192863275152957385e+02
7.203821397548009600e+02
7.214952635184121164e+02
7.226162455797559687e+02
7.237448519165762946e+02
7.248488270211470308e+02
7.259614616932359468e+02
7.271376659330823031e+02
7.281200813774815970e+02
7.292183685636993005e+02
7.303750615147034750e+02
7.315372263394810943e+02
7.326434383099773413e+02
7.337366415073803410e+02
7.348887691071498693e+02
7.359446388990446621e+02
7.370735158091201811e+02
7.381406648791803491e+02
7.392795925929186751e+02
7.403780684002590533e+02
7.415299848069670361e+02
7.426641244467184606e+02
7.437677068846564907e+02
7.449146626597155318e+02
7.460601251009642283e+02
7.471747494621911301e+02
7.482948366786034740e+02
7.494203408158471120e+02
7.505831387128631604e+02
7.516715632294701663e+02
7.527617771602036782e+02
7.538856889590720129e+02
7.549799169436499824e+02
7.560838255431875723e+02
7.571569493883225732e+02
7.582142283111007828e+02
7.593154115802786919e+02
7.604079236360520326e+02
7.615674771820678188e+02
7.627084367115662644e+02
7.638003229671650161e+02
7.649049545189265018e+02
7.659864205845585730e+02
7.671253826825441138e+02
7.682968698900054960e+02
7.693851180041554016e+02
7.704863977094728398e+02
7.715528960155698996e+02
7.727182716862694178e+02
7.739027643531214835e+02
7.750175493677141958e+02
7.761928031349827961e+02
7.773356751855742459e+02
7.784258617506659448e+02
7.795731929083830209e+02
7.807215063878966248e+02
7.818380949823398396e+02
7.830107359584251299e+02
7.841131456025397028e+02
7.851778767254903642e+02
7.863204798765932537e+02
7.873815620304935692e+02
7.885216236970135242e+02
7.897191708185285961e+02
7.908948977391220296e+02
7.920073865502224635e+02
7.931343775492604209e+02
7.942434347877172058e+02
7.954026315135304230e+02
7.965646696316972566e+02
7.976755953328735131e+02
7.987492513612183984e+02
7.998377392622110165e+02
8.009203182628003788e+02
8.020025314223745454e+02
8.031255636221058012e+02
8.043074043661503083e+02
8.053663773923178724e+02
8.064973137200415749e+02
8.075935164875438659e+02
8.087211876006612101e+02
8.098426026000471438e+02
8.110297171063573387e+02
8.121078967917010232e+02
8.132357262173356958e+02
8.143500824753278948e+02
8.154946883774958906e+02
8.165828643854315487e+02
8.177058555763572940e+02
8.187775509168250210e+02
8.198791127134134058e+02
8.210210970057191844e+02
8.221892087905882818e+02
8.233052399608130827e+02
8.244672511365504306e+02
8.255904314038649545e+02
8.267753264633122399e+02
8.278394108745569611e+02
8.290284813775695056e+02
8.302294344534733455e+02
8.313591345576326148e+02
8.324548943466418223e+02
8.336009151352367326e+02
8.347724781940694356e+02
8.360244980595114157e+02
8.371064107517905768e+02
8.383146085883532805e+02
8.394901095934953901e+02
8.405950673072352402e+02
8.417767571350985918e+02
8.429699228006940075e+02
8.441115919862838837e+02
8.452618201925016592e+02
8.463999284025132965e+02
8.475730454443539656e+02
8.486972749101454383e+02
8.498219502511043402e+02
8.509686799227609981e+02
8.521767399984044005e+02
8.534388538356771505e+02
8.545851864431847389e+02
8.557865191910804015e+02
8.569211339087677288e+02
8.581536133440596359e+02
8.593493481434168189e+02
8.605225185953518121e+02
8.616618230103690621e+02
8.627531575948967202e+02
8.639014250599175284e+02
8.650587365469506267e+02
8.661906245901079728e+02
8.673518096440487852e+02
8.685742770758785127e+02
8.696900121041061311e+02
8.709259257940097996e+02
8.720737267030189059e+02
8.731984930313317363e+02
8.743964839635216322e+02
8.756008585051718001e+02
8.767772062311865966e+02
8.779552464903762257e+02
8.792018939538819495e+02
8.803562125996535315e+02
8.815049262051705909e+02
8.826656201919793148e+02
8.838599821451534808e+02
8.851026070618651147e+02
8.862467761898562912e+02
8.873944957355014367e+02
8.885521200062593152e+02
8.897461204068574716e+02
8.909416364081050688e+02
8.920821932627379738e+02
8.933248846976216555e+02
8.945222417247910016e+02
8.956895306263309067e+02
8.968413434022123738e+02
8.980683086766689485e+02
8.992275589170825469e+02
9.004320878883158912e+02
9.016362317372753523e+02
9.028071327676755118e+02
9.039467253728295191e+02
9.051813799107759451e+02
9.063780921242979502e+02
9.075746067457340587e+02
9.088028231127417484e+02
9.099627745220766428e+02
9.111475555957322285e+02
9.123715971016200683e+02
9.135485516513695075e+02
9.147821403308755634e+02
9.159836044651095790e+02
9.172316541352001877e+02
9.183763506336492810e+02
9.195830188683618189e+02
9.208313780531934754e+02
9.220686695678759861e+02
9.232680077914658341e+02
9.244128291837404277e+02
9.256128700630946469e+02
9.268235368490230712e+02
9.280810108485688943e+02
9.293459793628061334e+02
9.305101474435412001e+02
9.317522169086306576e+02
9.329567973520818214e+02
9.341728025044270680e+02
9.354210913328070092e+02
9.367316894812213377e+02
9.379553510737824809e+02
9.392458431854013270e+02
9.404796631784062129e+02
9.417307585678130408e+02
9.429170783072282802e+02
9.440637984467334718e+02
9.452519785839658653e+02
9.464978391067133998e+02
9.477339186161074167e+02
9.489756608914399294e+02
9.501790278122048221e+02
9.514441868803751277e+02
9.526746098065651722e+02
9.538871831296510209e+02
9.551955594362369766e+02
9.564143176435127316e+02
9.575971210353702645e+02
9.587791962321196024e+02
9.600061497237417143e+02
9.613134984084728103e+02
9.626012559881429524e+02
9.638238624096151170e+02
9.650455514966698729e+02
9.662836474890522140e+02
9.675177545667567074e+02
9.687642619964008190e+02
9.700662082180622292e+02
9.713344062911112360e+02
9.725995402537123482e+02
9.738150111351719715e+02
9.751743973915919241e+02
9.764870470190113565e+02
9.777355268049562937e+02
9.790335706263808788e+02
9.803818427177770900e+02
9.816130402367475654e+02
9.828884788877559231e+02
9.841348604599362488e+02
9.853996781131268108e+02
9.866801497268708090e+02
9.879991217152195304e+02
9.892862508312008458e+02
9.904439235625627589e+02
9.916938575101687547e+02
9.929915224998269423e+02
9.942492754046689925e+02
9.955937083052316439e+02
9.968703881755857310e+02
9.981670018900383639e+02
9.994474961179512320e+02
1.000783865164018380e+03
1.002038696251333363e+03
1.003271728569286893e+03
1.004550636109996731e+03
1.005820963085846984e+03
1.007096555155592114e+03
1.008388774759982311e+03
1.009751214105281747e+03
1.011094303836229187e+03
1.012381793999341653e+03
1.013661325349152548e+03
1.014974145595752361e+03
1.016272885735999125e+03
1.017553315543619078e+03
1.018836914767199346e+03
1.020210166793597864e+03
1.021571205595545962e+03
1.022848493936278828e+03
1.024207173052406915e+03
1.025608732469878305e+03
1.026893639581504658e+03
1.028236020692268085e+03
1.029653626292119725e+03
1.031003936504072271e+03
1.032291806580277353e+03
1.033615627094121919e+03
1.034913048653820169e+03
1.036185352081487508e+03
1.037511856338462849e+03
1.038843992856510340e+03
1.040273317411903008e+03
1.041665054215812461e+03
1.043101933274191879e+03
1.044474935975968037e+03
1.045861735641916766e+03
1.047235083841795131e+03
1.048646370794740733e+03
1.049986588198687514e+03
1.051282862942053953e+03
1.052516873490896387e+03
1.053852323061979405e+03
1.055254333718011367e+03
1.056627834261133103e+03
1.057968564101392303e+03
1.059395108376898861e+03
1.060885869441980049e+03
1.062247607941504839e+03
1.063613259593195380e+03
1.064981287061751345e+03
1.066389434308644240e+03
1.067805132403509333e+03
1.069212632435048363e+03
1.070570391915644905e+03
1.072018678890859746e+03
1.073353075922712151e+03
1.074807461013628881e+03
1.076246872924552008e+03
1.077624832432528592e+03
1.079068990972448546e+03
1.080485005240536566e+03
1.081899088349834074e+03
1.083266872719831099e+03
1.084726013767754466e+03
1.086227645649877104e+03
1.087641409233869808e+03
1.089038531780916401e+03
1.090497664841993810e+03
1.091976022849432184e+03
1.093412966710531464e+03
1.094876277848173004e+03
1.096327798898388892e+03
1.097739896255249960e+03
1.099175984880069109e+03
1.100611323464865563e+03
1.102140712468815082e+03
1.103591586966692603e+03
1.105030198814837604e+03
1.106505674241150928e+03
1.107987552287188691e+03
1.109419037577755489e+03
1.110870715554919116e+03
1.112418269360206978e+03
1.113893839797367946e+03
1.115321752738813302e+03
1.116833600974123783e+03
1.118327443850281725e+03
1.119857383478802376e+03
1.121369808632912054e+03
1.122804371809753775e+03
1.124298993815118592e+03
1.125860580961526921e+03
1.127350950773355180e+03
1.128923644627113617e+03
1.130465236994860788e+03
1.131998679416117284e+03
1.133542669771994497e+03
1.135063163538450681e+03
1.136696394721806882e+03
1.138246719520135457e+03
1.139711124573588222e+03
1.141375350795085296e+03
1.142931583409455470e+03
1.144441918919378622e+03
1.145891448295830742e+03
1.147399853469565187e+03
1.148944584997553648e+03
1.150572002936220997e+03
1.152024996161329682e+03
1.153575127473544399e+03
1.155159516897802860e+03
1.156714240170697849e+03
1.158209130632698816e+03
1.159751543937141832e+03
1.161343519924317434e+03
1.162925518817875854e+03
1.164501526530552155e+03
1.166086363835222073e+03
1.167722212815066314e+03
1.169300170863589528e+03
1.170922015487245062e+03
1.172539246373949709e+03
1.174153577662166299e+03
1.175809556819524460e+03
1.177387576199242403e+03
1.178990034304540131e+03
1.180563530535950122e+03
1.182101052529504841e+03
1.183696855374956613e+03
1.185279342183821655e+03
1.186868920698568900e+03
1.188495383286450988e+03
1.190130758472473417e+03
1.191847346913501042e+03
1.193480372605876482e+03
1.195181201810997891e+03
1.196821458966811633e+03
1.198526875039320430e+03
1.200167222563875384e+03
1.201870371759925092e+03
1.203460197981260990e+03
1.205081941782276772e+03
1.206768459306311343e+03
1.208552299934583289e+03
1.210236143067297007e+03
1.211916069002830454e+03
1.213637060711439972e+03
1.215271124318614966e+03
1.216935547383598760e+03
1.218627728988532908e+03
1.220321309618979058e+03
1.222050327985226886e+03
1.223794747130703627e+03
1.225428921550195128e+03
1.227091561213898785e+03
1.228854506057385834e+03
1.230638192716785397e+03
1.232361984407894397e+03
1.234127471875803849e+03
1.235904925736358564e+03
1.237605449575799412e+03
1.239428251476096193e+03
1.241193976078844116e+03
1.242927305373306126e+03
1.244616992932854828e+03
1.246327617807960905e+03
1.248143537597651630e+03
1.250099773853163697e+03
1.251766987084042057e+03
1.253480256134639149e+03
1.255379326112388298e+03
1.257162225203640673e+03
1.258981495935448265e+03
1.260821060060845184e+03
1.262626916564670410e+03
1.264437417186289622e+03
1.266255130203089266e+03
1.268181710105351385e+03
1.270006776616824482e+03
1.271885285973975215e+03
1.273713576504803314e+03
1.275550454409522899e+03
1.277452616738546112e+03
1.279456861517123798e+03
1.281255141927320892e+03
1.283251865139521442e+03
1.285302686148403836e+03
1.287198457131774830e+03
1.289071428240123623e+03
1.291000334211702238e+03
1.292912273155945513e+03
1.294956322265994231e+03
1.296926960632990586e+03
1.298903757031936948e+03
1.300886869343783019e+03
1.302794947730243166e+03
1.304741032857466962e+03
1.306774241465589057e+03
1.308665312236766795e+03
1.310515203621782121e+03
1.312482303163945289e+03
1.314523076586211573e+03
1.316550590089649859e+03
1.318642676232364693e+03
1.320649836936663860e+03
1.322620096588998194e+03
1.324718835181855184e+03
1.326625605952059914e+03
1.328698018062117399e+03
1.330764131314142787e+03
1.332803031534469028e+03
1.334922924170070246e+03
1.336966740678886708e+03
1.338943331431298475e+03
1.340967314947002023e+03
1.343072001713429472e+03
1.345095739255706121e+03
1.347160103291848372e+03
1.349279850898670247e+03
1.351393513444317705e+03
1.353524096709002833e+03
1.355625830867404829e+03
1.357901850526026237e+03
1.360134453721635964e+03
1.362386707648147421e+03
1.364359342384071169e+03
1.366594413435166189e+03
1.368806528802814682e+03
1.371033101742930285e+03
1.373237539194808505e+03
1.375500048521585086e+03
1.377703582144912843e+03
1.379974433834819365e+03
1.382115128267202635e+03
1.384372560146605110e+03
1.386711524047826742e+03
1.388970421042859471e+03
1.391144738136869591e+03
1.393496829394010547e+03
1.395860866743497354e+03
1.398114009427188421e+03
1.400352865875428506e+03
1.402716687531300977e+03
1.405156366652350926e+03
1.407622581874645448e+03
1.410106178440106078e+03
1.412508976826959952e+03
1.414962223262077032e+03
1.417442122595735100e+03
1.419852281895595297e+03
1.422253148714231656e+03
1.424648804735380963e+03
1.426874807359929946e+03
1.429350487405699141e+03
1.431716213715880031e+03
1.434178575808390178e+03
1.436620849084524934e+03
1.439218347677436441e+03
1.441755541372833022e+03
1.444219652768792912e+03
1.446665098319730760e+03
1.449201343406064325e+03
1.451687287010291811e+03
1.454267652100828400e+03
1.456920299127666794e+03
1.459461855867340319e+03
1.462198347322815152e+03
1.464838132058527890e+03
1.467502411792965631e+03
1.470167363799966097e+03
1.472741807182328330e+03
1.475465350826045551e+03
1.478211781059282885e+03
1.480928282933923356e+03
1.483573543121813145e+03
1.486232896614005767e+03
1.488992275176916337e+03
1.491615001834567011e+03
1.494360688501540153e+03
1.497131037861830464e+03
1.499950513129721458e+03
1.502844274017448470e+03
1.505679631390727764e+03
1.508605585384024835e+03
1.511447613048130052e+03
1.514261088818667986e+03
1.517234852740768929e+03
1.520069363957176847e+03
1.522910421552140406e+03
1.525694842366893454e+03
1.528666982499916685e+03
1.531671127835331617e+03
1.534816687346029539e+03
1.537803223886348860e+03
1.540800302401808040e+03
1.543716934600268587e+03
1.546771920364331891e+03
1.549889970186078472e+03
1.552996852300945193e+03
1.556245830395801931e+03
1.559385465842801068e+03
1.562531494074655257e+03
1.565755633232476157e+03
1.568889365320392017e+03
1.572021124879376202e+03
1.575254906115027779e+03
1.578446842042176513e+03
1.581718782415722217e+03
1.585025960495908748e+03
1.588247594274349694e+03
1.591709696107857098e+03
1.595125043686430672e+03
1.598628128477845621e+03
1.602063936708847905e+03
1.605349752834816627e+03
1.609038826963249448e+03
1.612729597181919871e+03
1.616241012679046889e+03
1.619789967528044144e+03
1.623512344892865030e+03
1.627301000639411541e+03
1.631018823553233233e+03
1.634681240846366109e+03
1.638259994202290045e+03
1.641701563745559952e+03
1.645602580102503225e+03
1.649392432607679211e+03
1.653146734082897410e+03
1.657051993858945707e+03
1.661026908932153674e+03
1.664791551688715117e+03
1.668812683840831369e+03
1.672922861389681430e+03
1.676912643872124363e+03
1.680821780577274922e+03
1.684930213901144725e+03
1.689196862701218606e+03
1.693215890038227599e+03
1.697363012367764668e+03
1.701566863129508420e+03
1.705898023558365594e+03
1.710147830677384718e+03
1.714596224217119016e+03
1.718924911009287371e+03
1.723824286560663268e+03
1.728174676867137350e+03
1.732770255876004740e+03
1.737136585212287628e+03
1.741867829674652512e+03
1.746568442298504124e+03
1.751190503600121701e+03
1.755725099159549018e+03
1.760909797794260385e+03
1.765828770296912808e+03
1.770432504285317009e+03
1.775523359991889720e+03
1.780649712517835269e+03
1.785862393808804427e+03
1.791211251540432158e+03
1.796501972459185026e+03
1.802042542335025246e+03
1.807231377185829388e+03
1.812634399836661942e+03
1.817911299452304775e+03
1.823403003588587126e+03
1.829295038567591746e+03
1.834911572559548404e+03
1.840847770478438633e+03
1.846725531871605654e+03
1.853237997911860930e+03
1.858845623432350294e+03
1.865135326965915283e+03
1.871524028089525245e+03
1.877827584716124647e+03
1.884175100077643719e+03
1.890358682639217477e+03
1.897034872591849307e+03
1.903558229981337490e+03
1.910516734627618689e+03
1.917500169357840150e+03
1.924836231876998454e+03
1.932015492484493961e+03
1.939471115891483123e+03
1.946835009445340347e+03
1.954526948276427447e+03
1.961918626799796129e+03
1.970253440795841698e+03
1.978560766792368895e+03
1.986853302449917919e+03
1.994672711328607875e+03
2.003033057273288250e+03
2.011659501262218782e+03
2.020408966226353641e+03
2.029743799805466097e+03
2.038829736397233546e+03
2.048367261561104897e+03
2.058500225377857532e+03
2.068566867758905573e+03
2.078766047728955073e+03
2.089694563458196171e+03
2.100199524421812839e+03
2.111504250967414009e+03
2.122812506138112440e+03
2.134879440428788712e+03
2.147435306601034426e+03
2.160555236615112790e+03
2.174061351311762337e+03
2.187675248357083547e+03
2.201810742607213797e+03
2.216378419397929520e+03
2.231244957131089450e+03
2.246759330022579888e+03
2.262515799813825197e+03
2.279462664515857796e+03
2.297848770118287575e+03
2.316718457394107190e+03
2.336154970067098930e+03
2.357171483645211993e+03
2.379790403023177078e+03
2.404844293274950360e+03
2.431886023242310785e+03
2.458368089942360712e+03
2.486753978380168519e+03
2.518221255795563593e+03
2.554701573296197239e+03
2.595728034733437198e+03
2.642411947923235857e+03
2.695703741982836618e+03
2.758615668702711446e+03
2.839482942165072473e+03
2.943838748455372752e+03
3.096673818251284956e+03
3.402647990037183263e+03
