5.292027898830266031e-01
5.621720163687330407e-01
5.804796079345206916e-01
5.932018666638019244e-01
6.037100615185270192e-01
6.120699135712270866e-01
6.194779319201654255e-01
6.258164652173071607e-01
6.316207507697252366e-01
6.370947213193509651e-01
6.417394260221922497e-01
6.463214936650497622e-01
6.506097273376345580e-01
6.544367562364485913e-01
6.578947367463031659e-01
6.613540381500153664e-01
6.647279500558966880e-01
6.677792928869639155e-01
6.707968676533555552e-01
6.736177618292923386e-01
6.763945142374124808e-01
6.790459236370040008e-01
6.814905480524801051e-01
6.841111795635699266e-01
6.864840739305408945e-01
6.887288784539579156e-01
6.908984599556432515e-01
6.931216125379143778e-01
6.954112405637521421e-01
6.973792284264913599e-01
6.994426037301296750e-01
7.014012980670035757e-01
7.032461086094023983e-01
7.051413118096786503e-01
7.069217675527179612e-01
7.087468790120682316e-01
7.104994043532921744e-01
7.122529853540057188e-01
7.138794716316159139e-01
7.154552420450496220e-01
7.170088991248952937e-01
7.186068458980428009e-01
7.200806078081095629e-01
7.217143348393422198e-01
7.232490622961216253e-01
7.247728261980137532e-01
7.262500888217623407e-01
7.276346554134566214e-01
7.290728150575506161e-01
7.304849274397833270e-01
7.317887623113320528e-01
7.331204246682506698e-01
7.344444659683103671e-01
7.357862727042960849e-01
7.370611508743979412e-01
7.382986366530900346e-01
7.395459155646237903e-01
7.408353207109993344e-01
7.420394993745452750e-01
7.432056632589435496e-01
7.444787331726834267e-01
7.457480135955173450e-01
7.468948923983949051e-01
7.480214552900148473e-01
7.492057579438535786e-01
7.503556298056152096e-01
7.515001096235719436e-01
7.526515011202584704e-01
7.537730641179383184e-01
7.548814938186140244e-01
7.559749685677069619e-01
7.570180873759619899e-01
7.580740144275860404e-01
7.591606425556393090e-01
7.601827476719078547e-01
7.612152981118535111e-01
7.622543216889086093e-01
7.632938004098379636e-01
7.642712172014962668e-01
7.652661750856450951e-01
7.662500492324408885e-01
7.672059906805761553e-01
7.681404410949554951e-01
7.690597340345934896e-01
7.700351190816550062e-01
7.709555532344324336e-01
7.718822519753588685e-01
7.728642179664250156e-01
7.738153933132844164e-01
7.747732248473594430e-01
7.756882269932333651e-01
7.765607805679736186e-01
7.774320351005592489e-01
7.783041939776164098e-01
7.791991074327533351e-01
7.801182227407172931e-01
7.810033648769466597e-01
7.818515246904407245e-01
7.826902008856141402e-01
7.835550231415943090e-01
7.843846905639018097e-01
7.852640676239164286e-01
7.860444854935786374e-01
7.868297497908091076e-01
7.876460814971293356e-01
7.884436209490707226e-01
7.892690566259545903e-01
7.900812043295375453e-01
7.908768353257668027e-01
7.917013572841179458e-01
7.924779384023312723e-01
7.932456456413681245e-01
7.940419045760822581e-01
7.948636636064818628e-01
7.956897632754494909e-01
7.964619712836068510e-01
7.972466730980786176e-01
7.980205091845711252e-01
7.988027918092476254e-01
7.995983097667969108e-01
8.003626987980754226e-01
8.011283711591741241e-01
8.018763013992235011e-01
8.026435810443199870e-01
8.033501759250564200e-01
8.040697892475117126e-01
8.047822710466090435e-01
8.054742568822302884e-01
8.061916919399586545e-01
8.068725177608344623e-01
8.075872954088827438e-01
8.083078373231840086e-01
8.090226689967308094e-01
8.097271044782656801e-01
8.104495921563249494e-01
8.111037031057568569e-01
8.118163710376468112e-01
8.125316347393600758e-01
8.131636304202278787e-01
8.138988136584969224e-01
8.145973565933528615e-01
8.152987778644225081e-01
8.159570885280535979e-01
8.166429833177799580e-01
8.173077929407780440e-01
8.179273386916672273e-01
8.186047422834876741e-01
8.192717580919851583e-01
8.199499250849120457e-01
8.205793295492364026e-01
8.212313345970475575e-01
8.218955369235764197e-01
8.225759083539476713e-01
8.232078782685597895e-01
8.238770199459459764e-01
8.245133221580773775e-01
8.251810951341913558e-01
8.257962729925036882e-01
8.264189904094836336e-01
8.270669006249392607e-01
8.276825812584662767e-01
8.283425911470858605e-01
8.289852260334057421e-01
8.295843792717937371e-01
8.301936051953612283e-01
8.308177509554942608e-01
8.314179803297058191e-01
8.320354967289984582e-01
8.326473933079413525e-01
8.332742194588080853e-01
8.338858701079986391e-01
8.345221663520191457e-01
8.351388760058944261e-01
8.357550857617038753e-01
8.363416596773005640e-01
8.369322347468932666e-01
8.375193139542880250e-01
8.381044204838903333e-01
8.387145394457290459e-01
8.393521911103795086e-01
8.399683418857588624e-01
8.405777777536013184e-01
8.411670287343505636e-01
8.417441641592857682e-01
8.423564642131999847e-01
8.429265549370688060e-01
8.434978303627171936e-01
8.440598377126459217e-01
8.446419365467831009e-01
8.452484474564608830e-01
8.458099238939682518e-01
8.464052634272657416e-01
8.469505727621482460e-01
8.475141423301246757e-01
8.481087431341085559e-01
8.486479081327248375e-01
8.492186476635678050e-01
8.497721972018750236e-01
8.503358786724426466e-01
8.509165106848409765e-01
8.514907463312402225e-01
8.520540980718654955e-01
8.525682337224297358e-01
8.531427487467171389e-01
8.537017778146711589e-01
8.542625014046578702e-01
8.548148437966650581e-01
8.553562685115053688e-01
8.558958732307048178e-01
8.564390521598416184e-01
8.570293912333112329e-01
8.575515808747948832e-01
8.581062102010470483e-01
8.586588265289963884e-01
8.592202484272694063e-01
8.597618579425978513e-01
8.603022485542689557e-01
8.608399890941750288e-01
8.613754078695754490e-01
8.619085734558090683e-01
8.624503064882861336e-01
8.629775318064494272e-01
8.635555813854883800e-01
8.641027996850403348e-01
8.646521093069994279e-01
8.651644256773967090e-01
8.656907994818648922e-01
8.662234858990871533e-01
8.667741625082147072e-01
8.672978155808611644e-01
8.678058924507134897e-01
8.683346015761713721e-01
8.688623571036659943e-01
8.693680720343036628e-01
8.698744579934177823e-01
8.703919180655582677e-01
8.708881448262824065e-01
8.713980450975294945e-01
8.719027452339622730e-01
8.723952604349759499e-01
8.729164844042308635e-01
8.734185945819046282e-01
8.739343054233319474e-01
8.744527952481137012e-01
8.749187345477592581e-01
8.754152388986012889e-01
8.759127842901091032e-01
8.764415405831732508e-01
8.769461284385868804e-01
8.774772432685482570e-01
8.779954161631104981e-01
8.784909103590564650e-01
8.790144485587848555e-01
8.794855369357323926e-01
8.799901886224110736e-01
8.804719534980465223e-01
8.809806598047696946e-01
8.814801943624160918e-01
8.819730663809853821e-01
8.825029520011525852e-01
8.830051503791179757e-01
8.834853831292283077e-01
8.839826040806243457e-01
8.844979752507667881e-01
8.849721345490703106e-01
8.854680712747355908e-01
8.859492537079167729e-01
8.864324513911063796e-01
8.869065830558546804e-01
8.874078856255362968e-01
8.879292749201060930e-01
8.884444103616216948e-01
8.889397431359511437e-01
8.894469466808383462e-01
8.899250707590408149e-01
8.904054503761991146e-01
8.908875664864415178e-01
8.913714745423593211e-01
8.918386749379795253e-01
8.923011681908035175e-01
8.927557715316162268e-01
8.932695222617416109e-01
8.937364612611440329e-01
8.942045906785849319e-01
8.946878412302997630e-01
8.951440190076752623e-01
8.956283759508921749e-01
8.961157540828215140e-01
8.965911628542563294e-01
8.970605089776314545e-01
8.975203605042926247e-01
8.980187859258049743e-01
8.985089326881220417e-01
8.989965861970348193e-01
8.994725673747061556e-01
8.999449223525785024e-01
9.004250511032152460e-01
9.008898589020483127e-01
9.013663636411108904e-01
9.018157343297475981e-01
9.023230234312117348e-01
9.027526992586378807e-01
9.032061051055318979e-01
9.036887554129352518e-01
9.041363088921557933e-01
9.045897000739926419e-01
9.050294994467255050e-01
9.054894752396895896e-01
9.059328029740423283e-01
9.064112237829204943e-01
9.068722782422302675e-01
9.073396667841759911e-01
9.078102606959351784e-01
9.082819366417569373e-01
9.087616519440371299e-01
9.091997950090230374e-01
9.096604801158943987e-01
9.101272237176506463e-01
9.105978271760256648e-01
9.110701204472051451e-01
9.115544675887141679e-01
9.120208889960195187e-01
9.125071486130037490e-01
9.129765370588339701e-01
9.134446682581045529e-01
9.139205000152268443e-01
9.143879246195449895e-01
9.148222473583459413e-01
9.152709209888242325e-01
9.157314513863527017e-01
9.161970923937072797e-01
9.166798073971025307e-01
9.171236646834352024e-01
9.176020899327868019e-01
9.180610738998303821e-01
9.185105141821415797e-01
9.189845947034347429e-01
9.194558971561086480e-01
9.199048165653387343e-01
9.203471291489836448e-01
9.208045860214596479e-01
9.212501954471294940e-01
9.217127836128008456e-01
9.221364580796108656e-01
9.225947513480258211e-01
9.230338335574983510e-01
9.234738245319640271e-01
9.239361641148693405e-01
9.243788888240657142e-01
9.248419704474286629e-01
9.252957366163209185e-01
9.257367562559848384e-01
9.261846649404003040e-01
9.266550528607807591e-01
9.271192312570192273e-01
9.275766107335335908e-01
9.280328004005750087e-01
9.284651661049806437e-01
9.289251696260215629e-01
9.293594149348138878e-01
9.298368950095008412e-01
9.302697108074182708e-01
9.307282043189346599e-01
9.311617672066371254e-01
9.316016568924690988e-01
9.320427550524352789e-01
9.324973108654455167e-01
9.329659510892033270e-01
9.334247094659867683e-01
9.338726374081416370e-01
9.343283190180562414e-01
9.347452324937207679e-01
9.351856058836752750e-01
9.356237399048685788e-01
9.360672723662347705e-01
9.365219877779326074e-01
9.369511179382268296e-01
9.373948145531163512e-01
9.378134274736511511e-01
9.382294879762219653e-01
9.386701548383954430e-01
9.391064001817505114e-01
9.395521688731000021e-01
9.399941440348392740e-01
9.404399958812650340e-01
9.408904286115494786e-01
9.413267378475701497e-01
9.417809053074723824e-01
9.422097787664069912e-01
9.426357303511518904e-01
9.430842308247836536e-01
9.435347868532143467e-01
9.439980542364752036e-01
9.444340095688511516e-01
9.448708176156057625e-01
9.453108686258407944e-01
9.457440443536674346e-01
9.461901192979426112e-01
9.466364430651368345e-01
9.470758113044631665e-01
9.475114800930504178e-01
9.479343719968410520e-01
9.483757311704434922e-01
9.488202014455031641e-01
9.492555901389414519e-01
9.496869284194098260e-01
9.501249522858897789e-01
9.505763333052559272e-01
9.510199775527783395e-01
9.514652108547837495e-01
9.518867477789868525e-01
9.523397984000572247e-01
9.527773514915790498e-01
9.532263827855255167e-01
9.536644215297260807e-01
9.541269559943157397e-01
9.545538600011068686e-01
9.549853915382021663e-01
9.554040857133747622e-01
9.558424660223349134e-01
9.562632351565226729e-01
9.567015314327173003e-01
9.571491344068988605e-01
9.575774746149926520e-01
9.580024555726119884e-01
9.584234457018551145e-01
9.588929462950420701e-01
9.593507647767671731e-01
9.597628309422746584e-01
9.601884479952419449e-01
9.606233551851183217e-01
9.610496864405198014e-01
9.615204954833633799e-01
9.619538881086446835e-01
9.623722303015992408e-01
9.628017876374995732e-01
9.632173821653170487e-01
9.636560462945447103e-01
9.641084883618031842e-01
9.645379535782345748e-01
9.649812815941855026e-01
9.654291723056869223e-01
9.658720825481830197e-01
9.663130219162096024e-01
9.667486099671519506e-01
9.671858289297363687e-01
9.676417741352695279e-01
9.680676303111611647e-01
9.685106605454594231e-01
9.689449500570430640e-01
9.693570981806486353e-01
9.697749259576301517e-01
9.701995919547505842e-01
9.706411160617821610e-01
9.710537692334948456e-01
9.715078709991741279e-01
9.719501035975495196e-01
9.723974360213708534e-01
9.728493076409688856e-01
9.732752845576186917e-01
9.736977924471937884e-01
9.741197151119431741e-01
9.745275839290052922e-01
9.749597084388847978e-01
9.753778012974378964e-01
9.758251843126301006e-01
9.762649760967933021e-01
9.767000263955394335e-01
9.771110787596258840e-01
9.775576598674695639e-01
9.779790516756721175e-01
9.783960775662522424e-01
9.788291626694890502e-01
9.792568449712851786e-01
9.796778525410960725e-01
9.800912534788636110e-01
9.805351161166022678e-01
9.809698563005612160e-01
9.813818694150793220e-01
9.818063412728486039e-01
9.822126991746121805e-01
9.826280969726314263e-01
9.830659192552998471e-01
9.834833430851467329e-01
9.839226880840777900e-01
9.843458359203698382e-01
9.847868079844025457e-01
9.852040898372054212e-01
9.856101836999016097e-01
9.860479173631617744e-01
9.864904213131016064e-01
9.868953418304639014e-01
9.873489677690618915e-01
9.877781301486645571e-01
9.882347001063550573e-01
9.886674997412605581e-01
9.891174230045864935e-01
9.895513645573124073e-01
9.899763460266028936e-01
9.904098965534862131e-01
9.908410996657586178e-01
9.912647127196840824e-01
9.917077718592866020e-01
9.921468095839012236e-01
9.925865717677515576e-01
9.930397851506390650e-01
9.934800845346831721e-01
9.939134654648246192e-01
9.943376853617427180e-01
9.947645634843040874e-01
9.952136785511168648e-01
9.956383619549518116e-01
9.961048601327913143e-01
9.965251187613365369e-01
9.969518573679737594e-01
9.973763657758600853e-01
9.978243014832255398e-01
9.982736808179430987e-01
9.986881018088636930e-01
9.991351411448168296e-01
9.995831194784824403e-01
1.000031476576940914e+00
1.000469759977697715e+00
1.000916324683721381e+00
1.001319284631466688e+00
1.001736717443051816e+00
1.002184964625635999e+00
1.002629528633395939e+00
1.003077272205237680e+00
1.003517593086382664e+00
1.003933029087797690e+00
1.004360104284113930e+00
1.004815187270627463e+00
1.005264261980723273e+00
1.005707383559686807e+00
1.006162562216939449e+00
1.006585359439484462e+00
1.007043696322774018e+00
1.007495139637811121e+00
1.007915090974903949e+00
1.008359027981538869e+00
1.008789440757883460e+00
1.009225677100591412e+00
1.009671557877664716e+00
1.010097653121775796e+00
1.010538822204013476e+00
1.011001781636418739e+00
1.011453310457104182e+00
1.011916519252635371e+00
1.012351019739258895e+00
1.012794152320284580e+00
1.013238517470465672e+00
1.013684722223770374e+00
1.014124254712384987e+00
1.014581729164316659e+00
1.015004739681396595e+00
1.015458014786715601e+00
1.015896801077669442e+00
1.016333601325730029e+00
1.016800546660105109e+00
1.017254755120170051e+00
1.017717493916098448e+00
1.018140052166930376e+00
1.018583866870838461e+00
1.019031774196461182e+00
1.019493952474344933e+00
1.019941148768966910e+00
1.020404367692943737e+00
1.020857050272807820e+00
1.021285507213263388e+00
1.021731821635643245e+00
1.022172705638301426e+00
1.022604059746122784e+00
1.023063826804597953e+00
1.023521017117526188e+00
1.023977838801004792e+00
1.024463961148091462e+00
1.024905715900668923e+00
1.025365684612253636e+00
1.025822642263583218e+00
1.026287159072591271e+00
1.026736323692502895e+00
1.027207828243645649e+00
1.027684866163718569e+00
1.028148544164704914e+00
1.028576068666454901e+00
1.029020990595100438e+00
1.029510069045330933e+00
1.029945469679888870e+00
1.030406235932517678e+00
1.030843974670062391e+00
1.031304254739295434e+00
1.031771365032888355e+00
1.032243892381646821e+00
1.032686206825561559e+00
1.033135053917284552e+00
1.033605764336539945e+00
1.034094241362037092e+00
1.034547040616518476e+00
1.035000774266969348e+00
1.035447340873715039e+00
1.035919854505672921e+00
1.036388182800933144e+00
1.036854343577781057e+00
1.037331312120402860e+00
1.037784147361864973e+00
1.038264278067707158e+00
1.038720930165000000e+00
1.039199299981770519e+00
1.039669934246872263e+00
1.040138079474741239e+00
1.040604876415681224e+00
1.041082569767276533e+00
1.041518740562718426e+00
1.041973998034893656e+00
1.042423463844273313e+00
1.042888935529026506e+00
1.043357806408843791e+00
1.043827366975654369e+00
1.044277768422200880e+00
1.044738095711842396e+00
1.045205603320255250e+00
1.045695235976773718e+00
1.046172911700222974e+00
1.046626795358796214e+00
1.047102681442265260e+00
1.047572179186948116e+00
1.048059832777108014e+00
1.048524141924783049e+00
1.048998470216548018e+00
1.049463832634013549e+00
1.049926690142180430e+00
1.050405301570425554e+00
1.050877337872889505e+00
1.051369239480350659e+00
1.051856757129643993e+00
1.052329813204845532e+00
1.052810841553155408e+00
1.053283583099077658e+00
1.053756761076054316e+00
1.054191723370539568e+00
1.054657162930203507e+00
1.055159453272630721e+00
1.055626110643804516e+00
1.056117858758143013e+00
1.056584110000948984e+00
1.057073786885162958e+00
1.057568282550371164e+00
1.058068157967576362e+00
1.058568725281956890e+00
1.059041671525962069e+00
1.059525920213483019e+00
1.060014014155380435e+00
1.060486818136293419e+00
1.060968822809265522e+00
1.061444953457137297e+00
1.061939680664403474e+00
1.062434421683918773e+00
1.062950170496811175e+00
1.063456068943921418e+00
1.063972262991740303e+00
1.064460328599834193e+00
1.064972369390809082e+00
1.065468790811205269e+00
1.065945106782929530e+00
1.066450007530881150e+00
1.066916297116278667e+00
1.067438393471261460e+00
1.067958951613973140e+00
1.068458630580804813e+00
1.068976255830996536e+00
1.069503811963576689e+00
1.069974568158880146e+00
1.070465335674728014e+00
1.070959232132129069e+00
1.071482453701909643e+00
1.072027752379334009e+00
1.072539376427872782e+00
1.073054561289606079e+00
1.073553632744973507e+00
1.074052879678856653e+00
1.074579680892533418e+00
1.075091857070223922e+00
1.075605622819492568e+00
1.076162597560768930e+00
1.076630087230474597e+00
1.077176390631498837e+00
1.077701062541246646e+00
1.078201479106286165e+00
1.078746013780968127e+00
1.079248341357411656e+00
1.079764468049190906e+00
1.080294973759883037e+00
1.080813533141309790e+00
1.081354749701332940e+00
1.081886042633362521e+00
1.082397074620731647e+00
1.082932024114839020e+00
1.083467608610124255e+00
1.083985847815297721e+00
1.084508514086759412e+00
1.085039424769379091e+00
1.085546864731434136e+00
1.086098459914709435e+00
1.086616672613604173e+00
1.087157185082890498e+00
1.087685602714341560e+00
1.088220870192457612e+00
1.088778846122476329e+00
1.089306189853829654e+00
1.089819208519050564e+00
1.090352320205729253e+00
1.090909913319717095e+00
1.091443816192219307e+00
1.091993964544916151e+00
1.092520670807766381e+00
1.093031912714743425e+00
1.093573728551144875e+00
1.094115637196810598e+00
1.094700325672410379e+00
1.095263154041601794e+00
1.095784088892476360e+00
1.096340699016905118e+00
1.096886121498101607e+00
1.097432568540945175e+00
1.097955611468673709e+00
1.098545925542114610e+00
1.099128487583115765e+00
1.099660569261101228e+00
1.100193795941373009e+00
1.100747155777854314e+00
1.101289272030177457e+00
1.101823443608169306e+00
1.102368212821184468e+00
1.102911260040157604e+00
1.103484004676258179e+00
1.104050150646002315e+00
1.104606952326012914e+00
1.105183159921229397e+00
1.105760437502190774e+00
1.106309577569984048e+00
1.106872865167551012e+00
1.107435076923956929e+00
1.108022122934566589e+00
1.108607144099548192e+00
1.109205555994714487e+00
1.109782889465585010e+00
1.110361478794069878e+00
1.110959028628982104e+00
1.111519512251695652e+00
1.112103833708566691e+00
1.112682275697315815e+00
1.113287398094664482e+00
1.113888100717886909e+00
1.114499307789815541e+00
1.115110005807896210e+00
1.115695531119514250e+00
1.116307172789126945e+00
1.116893684287353583e+00
1.117503495286540582e+00
1.118076770492259842e+00
1.118686497633737176e+00
1.119310938045142034e+00
1.119929917917716233e+00
1.120537239562760634e+00
1.121150584839159858e+00
1.121745304132836685e+00
1.122386194086399058e+00
1.123029370912721481e+00
1.123641442250923106e+00
1.124269564766135820e+00
1.124909154539390999e+00
1.125549544476892816e+00
1.126192432724493875e+00
1.126853605754180476e+00
1.127468703088590152e+00
1.128086700560495315e+00
1.128724879722450503e+00
1.129344639995819799e+00
1.129972468012968356e+00
1.130606599364945009e+00
1.131236065989723372e+00
1.131888597632352278e+00
1.132511454925125616e+00
1.133147604112624940e+00
1.133793167988947470e+00
1.134421105363122795e+00
1.135051951726836261e+00
1.135705316359754136e+00
1.136393359126621760e+00
1.137068671789700058e+00
1.137703116062703579e+00
1.138378588689659798e+00
1.139022903596518699e+00
1.139689684088943000e+00
1.140359251521178008e+00
1.141026726635452349e+00
1.141662631053286248e+00
1.142408723301823859e+00
1.143076924261312799e+00
1.143744938252684751e+00
1.144410108931767978e+00
1.145134252558698273e+00
1.145787198121496875e+00
1.146461545346842081e+00
1.147135972967375350e+00
1.147806331750711228e+00
1.148480390865484813e+00
1.149176289241902182e+00
1.149846748483569714e+00
1.150548707986480901e+00
1.151235503391453419e+00
1.151999582070641681e+00
1.152669177875402573e+00
1.153376133759587807e+00
1.154104694515106111e+00
1.154839500864683677e+00
1.155564992179098915e+00
1.156233007765641752e+00
1.156927995209583671e+00
1.157633479250428588e+00
1.158355763833683216e+00
1.159104737101558369e+00
1.159784743582926270e+00
1.160526094121432150e+00
1.161267759772490082e+00
1.162014549120962803e+00
1.162806421309923399e+00
1.163536217046001076e+00
1.164328246605882855e+00
1.165106806630733072e+00
1.165828170844347644e+00
1.166580366086725995e+00
1.167328660377960237e+00
1.168108675120612228e+00
1.168885846943914730e+00
1.169693735916924826e+00
1.170469987085756669e+00
1.171295475956964038e+00
1.172078264625647792e+00
1.172871593985510108e+00
1.173607877500996821e+00
1.174408310692677926e+00
1.175221053121737524e+00
1.176058916592179093e+00
1.176880373233089028e+00
1.177686729468950810e+00
1.178507447680817499e+00
1.179326029767919559e+00
1.180167080507050992e+00
1.180998516361490669e+00
1.181851634188783029e+00
1.182719155669461175e+00
1.183577262230366189e+00
1.184385336552728596e+00
1.185238094690682420e+00
1.186045843448058745e+00
1.186886884266803222e+00
1.187748537709683028e+00
1.188620590822201839e+00
1.189466932722037296e+00
1.190324720591677599e+00
1.191199840319794312e+00
1.192045325538932055e+00
1.192901431636631537e+00
1.193748003257319112e+00
1.194673385368198115e+00
1.195566616983262609e+00
1.196456337820834603e+00
1.197375782154775026e+00
1.198266001631071109e+00
1.199200577236232190e+00
1.200177947381266819e+00
1.201132679594278274e+00
1.202087986244606110e+00
1.203058605962206373e+00
1.204005048930974597e+00
1.204990864701710462e+00
1.205940221706726101e+00
1.206958694104109497e+00
1.207986412595909664e+00
1.209015843451074934e+00
1.210012513149327340e+00
1.211036843651684292e+00
1.212019369183962247e+00
1.213018788727731057e+00
1.213976673762516612e+00
1.214974753196211843e+00
1.216012484457519749e+00
1.217002927837891546e+00
1.218034619652219153e+00
1.219108547808725129e+00
1.220191044398737601e+00
1.221296594315300910e+00
1.222364564810473730e+00
1.223466408561189045e+00
1.224535104170528133e+00
1.225611476561718760e+00
1.226698279487911103e+00
1.227829659882832880e+00
1.228980266472426752e+00
1.230095071649995431e+00
1.231288890728545082e+00
1.232430435853703266e+00
1.233573471897557505e+00
1.234728363849162847e+00
1.235864171676759549e+00
1.237012072624453562e+00
1.238145123251545021e+00
1.239428572745776780e+00
1.240711890070450574e+00
1.241926341767397801e+00
1.243186928180800566e+00
1.244441730926641343e+00
1.245698712078608716e+00
1.247018525778449849e+00
1.248307634378402975e+00
1.249622473991326421e+00
1.250978431046452233e+00
1.252250489916127529e+00
1.253638532517401316e+00
1.255034144708521149e+00
1.256452328930747875e+00
1.257785217370823938e+00
1.259283050250188607e+00
1.260648769134283365e+00
1.262133693091534115e+00
1.263553734232431225e+00
1.265064639943045188e+00
1.266564190924072797e+00
1.268025391362702425e+00
1.269468656430370546e+00
1.271017835689880027e+00
1.272535140392526021e+00
1.274026996355703822e+00
1.275713990483717364e+00
1.277376344242000306e+00
1.278965082852326240e+00
1.280578394447897894e+00
1.282208538688656807e+00
1.283964875552715768e+00
1.285617562320023444e+00
1.287338102225732195e+00
1.289210236557014166e+00
1.290924445930988096e+00
1.292704671236218017e+00
1.294609448693756937e+00
1.296586405892070859e+00
1.298471906142104615e+00
1.300437889674109115e+00
1.302294636784077086e+00
1.304324138993427695e+00
1.306410581260956549e+00
1.308478110041260578e+00
1.310412639520182942e+00
1.312548151687598752e+00
1.314657899553753895e+00
1.316789345418174273e+00
1.319052735040328717e+00
1.321562589836945412e+00
1.324047606361508311e+00
1.326462098414693980e+00
1.329007951820035061e+00
1.331535124912582857e+00
1.334129117761363448e+00
1.336783883767564074e+00
1.339453301352996117e+00
1.342335304555581255e+00
1.345291411427392614e+00
1.348242689071152522e+00
1.351260439935579205e+00
1.354348284920830148e+00
1.357400744954928795e+00
1.360800652865170157e+00
1.364251738698836203e+00
1.367625633994130840e+00
1.371486253338895622e+00
1.375396714917145990e+00
1.379477859580824584e+00
1.383816830649797547e+00
1.388145013842546627e+00
1.392570896864754992e+00
1.397420296383122595e+00
1.402485567704161884e+00
1.407485042832808952e+00
1.413018403235587028e+00
1.418760876379310920e+00
1.424731492904407926e+00
1.431568852380036283e+00
1.439066986842511664e+00
1.446910006980152819e+00
1.455818440419740956e+00
1.465847643749987217e+00
1.476969115279353817e+00
1.489207591459009494e+00
1.504141797332766428e+00
1.521795343550556012e+00
1.545230788152396784e+00
1.579090635616111182e+00
1.646714653045521448e+00
