7.282927584448503936e-04
1.477874178641813479e-03
2.247630639129844995e-03
3.031896374859310329e-03
3.750994366512628523e-03
4.459918661020297742e-03
5.221255085866341114e-03
5.965029643583204255e-03
6.760783446615622333e-03
7.520414523456636982e-03
8.249907751411610785e-03
8.986397468618843518e-03
9.761746600638691526e-03
1.049133450118720084e-02
1.120685106309932642e-02
1.194281795763259442e-02
1.268519973049262069e-02
1.344902390153414860e-02
1.421621849847244483e-02
1.501698691057965461e-02
1.575720875976198421e-02
1.653894773848312710e-02
1.733627954655810391e-02
1.809499702056199810e-02
1.888763609159103962e-02
1.962460322831209927e-02
2.040581042544104343e-02
2.119516698785882045e-02
2.197510198792509625e-02
2.276242593958094015e-02
2.356242799467041585e-02
2.433718804366503605e-02
2.512759520143729997e-02
2.588565222160746013e-02
2.668512958417969261e-02
2.742077923063090603e-02
2.817191966726893815e-02
2.893104111595272074e-02
2.965963197067778695e-02
3.041348667744440959e-02
3.121798751689475182e-02
3.201673737929205260e-02
3.279915965565341485e-02
3.353555470305721875e-02
3.432291001454152585e-02
3.510982537036166917e-02
3.590828210180255220e-02
3.666875631453937051e-02
3.741216587658117987e-02
3.820511982061976924e-02
3.898620932451000304e-02
3.981628570528937539e-02
4.066546420721013633e-02
4.143704375751735419e-02
4.224693077010242132e-02
4.306507982882601393e-02
4.385380078891853300e-02
4.462580983987722572e-02
4.539604775909918816e-02
4.618519259871368965e-02
4.696711167818885813e-02
4.780088314576910746e-02
4.860785789137114787e-02
4.936082749747434939e-02
5.018249799172477127e-02
5.099140777400275326e-02
5.179483525691169071e-02
5.260928273401727084e-02
5.337164274603564684e-02
5.419344239576941863e-02
5.499318520722796394e-02
5.579838113354057549e-02
5.657839106026397308e-02
5.739364315723385901e-02
5.818727381130535392e-02
5.899904396501900322e-02
5.978866469975723658e-02
6.062268245614219758e-02
6.142948176531433380e-02
6.221373806751129970e-02
6.302724189324114545e-02
6.382481421802138621e-02
6.464895215896443448e-02
6.550826798376559179e-02
6.630671106657165526e-02
6.714400500067489730e-02
6.795894922757121648e-02
6.884235734922658501e-02
6.966588516725151503e-02
7.048686346733477881e-02
7.128511556372137126e-02
7.209928613817986887e-02
7.294191254424634008e-02
7.377852867194967246e-02
7.465094744240780011e-02
7.549128340688339434e-02
7.632619481944899476e-02
7.719701430715955603e-02
7.801673032745430614e-02
7.891325653167655108e-02
7.979024481573608607e-02
8.064405789021952820e-02
8.151868842481253818e-02
8.241991086563250912e-02
8.322708177016044373e-02
8.408663034285800142e-02
8.494603949487694594e-02
8.582222378961612552e-02
8.668855244673868976e-02
8.752061670905235402e-02
8.835727984723480699e-02
8.923253441940942610e-02
9.007863571049938567e-02
9.089342626186026897e-02
9.178014541910303747e-02
9.258688897239078508e-02
9.342612118949783495e-02
9.424899962899108141e-02
9.511102984095257118e-02
9.599812273980137811e-02
9.681405929504786900e-02
9.770590504053706937e-02
9.862795457648940167e-02
9.944525774498089166e-02
1.003003799498473902e-01
1.012007324841497496e-01
1.020667927351526089e-01
1.029597363249398212e-01
1.037982163500137112e-01
1.046625166960850756e-01
1.055457774344203681e-01
1.064581006580292838e-01
1.073719117887656643e-01
1.082897149673781589e-01
1.091933345448502790e-01
1.100549794173595747e-01
1.109599363947721268e-01
1.118698626472729302e-01
1.126849504124530221e-01
1.135869972084127405e-01
1.144579171534702011e-01
1.153539234349799242e-01
1.162785518017877551e-01
1.171835248361673965e-01
1.180916738946534428e-01
1.189978069605291677e-01
1.199306739007266337e-01
1.208255372797941013e-01
1.217271626022850550e-01
1.225876733161381793e-01
1.234875505624873221e-01
1.244260360568782975e-01
1.252907383571137123e-01
1.261734297716353148e-01
1.271071369237821436e-01
1.280279770671692019e-01
1.289773797035483616e-01
1.298602158012339969e-01
1.307880293124751570e-01
1.316999286614503606e-01
1.326474841816711603e-01
1.335185597402056001e-01
1.344380703096896279e-01
1.353680666289964751e-01
1.363238231627683095e-01
1.372588087704688375e-01
1.381779014429822539e-01
1.391252709056965686e-01
1.400505680270930919e-01
1.409962585848817673e-01
1.418753718887466042e-01
1.427875313792382472e-01
1.436547997920849806e-01
1.446512022592632563e-01
1.455695024132529491e-01
1.465740037490623482e-01
1.474489652613668045e-01
1.484059620479570296e-01
1.493681954845217652e-01
1.503040226782829114e-01
1.512410586861082096e-01
1.522061866410788777e-01
1.531394202058380949e-01
1.540603177899587395e-01
1.549716162867345592e-01
1.558930502561240994e-01
1.568394336142457379e-01
1.578112946780453052e-01
1.587466719342311705e-01
1.597374503921592803e-01
1.606889684468897350e-01
1.616265869897334229e-01
1.626153677419723276e-01
1.635294456974203114e-01
1.645335269240813525e-01
1.654964315279403020e-01
1.664850635788760469e-01
1.674623698530089133e-01
1.684035279139619035e-01
1.693916864385241194e-01
1.703334500813415975e-01
1.713493920569651163e-01
1.722868466067512538e-01
1.732558846540231123e-01
1.742998431325435138e-01
1.752806713200824595e-01
1.762965093836961206e-01
1.773107639689851245e-01
1.782952464558595351e-01
1.792595287517463609e-01
1.802688590713829309e-01
1.812327408427724384e-01
1.822254891657135445e-01
1.831638069391905155e-01
1.841544619558515561e-01
1.851834376431203966e-01
1.862164859822612317e-01
1.872216691032369262e-01
1.882011375493439775e-01
1.891636459689872984e-01
1.901788680380197827e-01
1.912101808398184721e-01
1.922155787502262680e-01
1.932109394892745080e-01
1.942314454200150253e-01
1.952667920976744187e-01
1.963104010339516703e-01
1.973032976037142061e-01
1.983093439932283597e-01
1.994407039910878476e-01
2.004297513220867355e-01
2.014393224170522578e-01
2.025002545358002837e-01
2.034951062743521055e-01
2.045334780260247287e-01
2.055822883251203492e-01
2.065762173553926107e-01
2.075798404931854246e-01
2.085879960509098019e-01
2.096105393180450471e-01
2.106432127071245219e-01
2.116943786991162257e-01
2.127189172167741338e-01
2.138108174055880217e-01
2.148461308323508789e-01
2.159214121982193368e-01
2.169873878999819261e-01
2.180593611013265654e-01
2.190724754387501361e-01
2.201192091410668350e-01
2.211837026079752078e-01
2.222000295184416718e-01
2.232483942983219394e-01
2.243229515832787513e-01
2.253838102101235197e-01
2.264401776479160189e-01
2.275143604963054400e-01
2.285460120540083184e-01
2.296020762642479174e-01
2.307403013570435701e-01
2.317971961492525657e-01
2.329015393517406274e-01
2.340151876524490249e-01
2.351455098721055015e-01
2.362318262243440214e-01
2.373406715829277647e-01
2.384064105838120673e-01
2.395106451831257866e-01
2.406693476753918315e-01
2.417595641178562904e-01
2.428592192927102322e-01
2.439794723934160525e-01
2.450201884296567822e-01
2.460791026325989117e-01
2.472804190118472745e-01
2.483802774485798781e-01
2.494891457759926823e-01
2.505540933750389221e-01
2.516592226970751356e-01
2.528275382899539125e-01
2.538993961779529296e-01
2.550679087952296142e-01
2.561490284777646065e-01
2.572931441921686435e-01
2.583933674626650578e-01
2.595229421844531537e-01
2.606698801654237507e-01
2.618292502659173016e-01
2.629146609788869937e-01
2.640338165019660011e-01
2.651836550775318324e-01
2.662781044115531404e-01
2.674504379265422727e-01
2.685815743827879021e-01
2.696895119727614198e-01
2.708746620428557073e-01
2.720491987461640115e-01
2.731216215877537712e-01
2.743271859241892541e-01
2.754521643961131416e-01
2.765347750648087799e-01
2.776804837598386144e-01
2.788900318083006313e-01
2.800709060690174668e-01
2.812603589845900642e-01
2.823832718670727382e-01
2.835213726428998382e-01
2.846825337612606255e-01
2.858450669441064407e-01
2.870363445257292367e-01
2.881952888485400099e-01
2.893569664356185345e-01
2.905434237855915591e-01
2.917223944303740657e-01
2.929324096687305201e-01
2.940908959532873013e-01
2.952840468424792753e-01
2.965001507611615406e-01
2.976485400913564949e-01
2.988743211856388360e-01
3.000551613231944303e-01
3.012003250455103087e-01
3.023831248187998644e-01
3.036484855664309812e-01
3.048373241720535032e-01
3.060353423980323173e-01
3.073122000099530737e-01
3.085902541639281571e-01
3.098084670888512360e-01
3.110423131638470062e-01
3.122595020577873526e-01
3.135744547457335329e-01
3.148294087117621265e-01
3.159932820043858670e-01
3.172425097433399510e-01
3.184403698020814022e-01
3.195624778301843216e-01
3.208143388662841322e-01
3.220358622319642872e-01
3.232745731306411741e-01
3.245103541576060957e-01
3.258007793919660555e-01
3.270122733434048246e-01
3.282743227600171676e-01
3.295413913465503608e-01
3.307457905219034489e-01
3.319731161037047795e-01
3.332394431827361836e-01
3.344501063296438370e-01
3.356900489115562380e-01
3.369157041875418535e-01
3.381875478151774583e-01
3.394137134338985340e-01
3.406910501225458576e-01
3.419565905598985767e-01
3.431931106223581329e-01
3.445127457728252574e-01
3.457166314178162225e-01
3.469972990557366743e-01
3.483295602657927592e-01
3.496424605549953712e-01
3.509651385812674329e-01
3.522279413350205557e-01
3.535551016550416703e-01
3.548700891446827099e-01
3.562555989354417862e-01
3.575395558624316905e-01
3.589429187400276500e-01
3.602492057093740208e-01
3.615476912291875622e-01
3.628029267146873904e-01
3.641084534162589148e-01
3.654572723826957636e-01
3.668707847950686829e-01
3.683336140500305667e-01
3.697039146481144734e-01
3.711007243972516134e-01
3.723956683967142300e-01
3.737836033004255931e-01
3.751961967865823921e-01
3.764483184710752939e-01
3.777973877244166223e-01
3.791981187990027258e-01
3.805199991212910859e-01
3.818173597435040034e-01
3.831604239467671924e-01
3.844850317168723719e-01
3.858557161793325641e-01
3.872440061911007758e-01
3.885425880615532290e-01
3.898385675012939755e-01
3.912139748124163208e-01
3.925350862624817916e-01
3.938678399952137421e-01
3.951923733114665604e-01
3.965876306024198050e-01
3.979815899991483441e-01
3.993460051935245336e-01
4.006738329546171706e-01
4.020731798428707759e-01
4.034844471415319211e-01
4.049744580289439400e-01
4.064318042587423685e-01
4.078857846999601189e-01
4.093566854668252430e-01
4.108065288405244875e-01
4.121382465644692350e-01
4.135174138144965261e-01
4.149081733904551594e-01
4.163109478874772451e-01
4.177220297689973605e-01
4.191207391302864127e-01
4.205524265204574896e-01
4.220095890457911669e-01
4.233863641308339698e-01
4.248664239286847333e-01
4.263576345500800779e-01
4.277980389439997588e-01
4.293153790352466914e-01
4.308512541821084563e-01
4.323926028245032027e-01
4.338083385086825006e-01
4.352621621314877176e-01
4.367780445037102721e-01
4.382722977046294988e-01
4.396489074703096023e-01
4.411711196783783540e-01
4.426595316701675276e-01
4.441782724596363141e-01
4.455885920973672865e-01
4.471210868933441218e-01
4.486768588111436640e-01
4.501399491721809754e-01
4.516877638990723920e-01
4.531747247897970898e-01
4.547374444994668474e-01
4.562305811790141052e-01
4.577244187625199023e-01
4.591927562542735819e-01
4.606998869785288164e-01
4.622173327428679146e-01
4.636737700477201463e-01
4.652955413900913273e-01
4.668570885345392218e-01
4.683819333628326254e-01
4.698793063652785262e-01
4.714430912096572723e-01
4.730511170188109182e-01
4.745529933776855835e-01
4.761227060087774299e-01
4.776115962224881661e-01
4.791812608319937494e-01
4.807627397872115127e-01
4.824025816817478218e-01
4.839535752844050243e-01
4.856158220215602284e-01
4.871674828716197059e-01
4.886991214650908133e-01
4.903362930572426892e-01
4.918757271292630295e-01
4.935395575629321629e-01
4.951145355341685650e-01
4.967544221449998187e-01
4.983927871930202147e-01
5.000618398173236612e-01
5.016477528224299043e-01
5.032813672968532437e-01
5.049673638661642538e-01
5.066008694339211305e-01
5.081645456368930613e-01
5.097428119235073440e-01
5.113322773435031721e-01
5.129362515791759947e-01
5.145727839811738979e-01
5.162675896617106019e-01
5.179810352136167140e-01
5.196199291448493351e-01
5.212649900960595328e-01
5.229914694898361027e-01
5.247479315720940951e-01
5.264656999889891775e-01
5.281710258048821771e-01
5.298926676367620159e-01
5.316816404933147888e-01
5.333690606761496422e-01
5.349977907468650429e-01
5.367705928107916469e-01
5.385054182976062309e-01
5.402346281893989355e-01
5.419921112559955567e-01
5.437226927479182903e-01
5.455070447355684360e-01
5.472467900385951101e-01
5.490103253262305083e-01
5.507785558674528348e-01
5.525191755505961533e-01
5.542050919908935169e-01
5.559875520752000089e-01
5.577814606793450869e-01
5.595115247529431901e-01
5.612077619913184989e-01
5.629552412811718032e-01
5.647315112466656517e-01
5.665141826206723241e-01
5.682040604474748458e-01
5.699909865330669012e-01
5.717441859937130166e-01
5.735008435370704261e-01
5.753589306012221183e-01
5.771638904864865305e-01
5.791370902923309583e-01
5.810117951206450471e-01
5.828299505937497571e-01
5.846476798144433218e-01
5.864979634756581905e-01
5.883903760975095487e-01
5.902266619045585250e-01
5.921592980767115266e-01
5.939164132086306447e-01
5.958259678911140833e-01
5.976771574512300678e-01
5.997158913145769210e-01
6.016873662300358250e-01
6.034795546206301875e-01
6.053959632451777484e-01
6.073152405084838446e-01
6.092459431769499112e-01
6.111718959998633238e-01
6.131800172844440455e-01
6.150849644957645523e-01
6.170202086440774725e-01
6.188969544039407689e-01
6.209515299298825619e-01
6.229416314792016740e-01
6.249175808455155190e-01
6.268082625757029902e-01
6.288015233278586580e-01
6.307460708456508192e-01
6.326641093456611964e-01
6.346913629294768100e-01
6.367179901966333322e-01
6.387053281162448082e-01
6.407160693077816882e-01
6.427257576427832797e-01
6.446866138572954208e-01
6.467423579306695869e-01
6.488156879624410456e-01
6.507748405446375228e-01
6.527469179335774196e-01
6.548164432623480025e-01
6.569984910701291980e-01
6.591130760011085776e-01
6.612396490962905160e-01
6.633411298455847982e-01
6.653695278378791711e-01
6.675057654977134547e-01
6.695788378816226460e-01
6.716578499738967700e-01
6.738309111841418453e-01
6.760565508069282803e-01
6.781843672060017258e-01
6.802975093685057484e-01
6.825538860651606532e-01
6.847775127470268064e-01
6.867987043310451734e-01
6.890031889719996361e-01
6.914041913849856558e-01
6.936485602404900419e-01
6.959046162062968444e-01
6.980965297045617080e-01
7.003119609131505108e-01
7.025031931472105473e-01
7.047269049503380733e-01
7.069656014870342453e-01
7.093258126179589063e-01
7.115681555671962144e-01
7.138089528300660680e-01
7.161496124390143159e-01
7.184600238641025705e-01
7.206676116697426915e-01
7.229795004253691815e-01
7.251657755248188675e-01
7.274622493736119244e-01
7.297861417990991750e-01
7.320690870490516033e-01
7.343869584160910291e-01
7.367840016532664071e-01
7.390872491165400016e-01
7.414495567603486270e-01
7.437905765695510540e-01
7.462261136292532848e-01
7.485479301569174515e-01
7.509281225378670044e-01
7.532440373594734284e-01
7.556438460650184430e-01
7.580489608684159997e-01
7.604345641425939162e-01
7.628947708234026237e-01
7.652834770210782400e-01
7.676478070195817960e-01
7.700205307741231353e-01
7.724445981126443206e-01
7.748965485317020896e-01
7.774752317806796764e-01
7.799025581356440195e-01
7.823038074011579024e-01
7.848851955135641711e-01
7.874013718768788639e-01
7.899729975145619587e-01
7.925212820408082948e-01
7.949770835006829683e-01
7.976040401293240656e-01
8.001408977759875141e-01
8.025855262867070961e-01
8.052646991606087212e-01
8.077171009445411887e-01
8.103355027967731328e-01
8.129049651949225019e-01
8.154981666837796128e-01
8.182992752782127788e-01
8.209936439280000053e-01
8.235908047798300435e-01
8.262620846947134057e-01
8.288866888614212503e-01
8.316063575127732310e-01
8.344212029603128578e-01
8.371011837086339558e-01
8.398459263075387371e-01
8.426729593862869461e-01
8.454993104663105496e-01
8.482402860549321799e-01
8.510727544190894722e-01
8.539056190658160794e-01
8.566476813476789909e-01
8.592860913841992021e-01
8.621633996166181424e-01
8.648700102052866434e-01
8.676447859111913186e-01
8.705321856575953809e-01
8.735212265331521175e-01
8.763439290343573163e-01
8.790635215614980291e-01
8.819017854468499396e-01
8.848226482522910663e-01
8.876292401946326294e-01
8.904936113637075268e-01
8.934470615312987141e-01
8.963113159196529622e-01
8.992487234253740969e-01
9.021417954890725843e-01
9.051136654985563190e-01
9.079855052123316783e-01
9.110465619847583074e-01
9.140504174207108035e-01
9.169552343620945845e-01
9.199089070232459031e-01
9.228913951602450982e-01
9.259217011840128464e-01
9.288324965230844166e-01
9.318861052158764480e-01
9.348488635363603194e-01
9.378493395932578913e-01
9.410306850380746324e-01
9.440265366598922236e-01
9.471953753349022787e-01
9.504234745945627783e-01
9.535049465677181146e-01
9.566232738165190153e-01
9.598426881788879594e-01
9.628560671662821369e-01
9.660933666666920994e-01
9.693876375466425888e-01
9.728058948117053184e-01
9.761026595688079288e-01
9.791959014925252225e-01
9.826738862523964890e-01
9.858600796982602832e-01
9.890876175898092315e-01
9.924327775469684587e-01
9.957990713145322692e-01
9.990866449598130306e-01
1.002666177496263078e+00
1.006268875246504546e+00
1.009815039814252691e+00
1.013216111538760789e+00
1.016628461799827576e+00
1.020123753561440250e+00
1.023616404087005050e+00
1.026935315027633244e+00
1.030480178532589441e+00
1.034131945186173906e+00
1.037876379538215987e+00
1.041452046381686758e+00
1.045180296187642188e+00
1.048854339426537718e+00
1.052692819027684523e+00
1.056196042132020896e+00
1.059896836553427146e+00
1.063677575334028402e+00
1.067315123225131446e+00
1.071208722556271642e+00
1.074945829695344246e+00
1.078711741074637631e+00
1.082605785692728029e+00
1.086481580433970695e+00
1.090407421654543851e+00
1.094232331758259180e+00
1.098230983783573755e+00
1.101983795924226905e+00
1.105911618460222456e+00
1.109998999360124472e+00
1.113845758523856366e+00
1.117849716804068194e+00
1.121894594877360207e+00
1.125935199328367498e+00
1.130020998750745020e+00
1.133962379803606479e+00
1.137839166987375306e+00
1.141946009468463474e+00
1.146105452207972775e+00
1.150318942557709390e+00
1.154421251568251927e+00
1.158680599449037008e+00
1.162679107064317652e+00
1.166895039293722292e+00
1.171294723658796721e+00
1.175364344646312897e+00
1.179804914922889969e+00
1.184252988410674501e+00
1.188684672821187283e+00
1.193082101027503894e+00
1.197523995107201200e+00
1.202003172586835422e+00
1.206384559951197311e+00
1.210740801718452664e+00
1.215469408571271837e+00
1.220001284193148905e+00
1.224518873771036409e+00
1.228893107085747616e+00
1.233308424627715949e+00
1.237846292437664975e+00
1.242175302149451044e+00
1.246870923381851792e+00
1.251574136125185976e+00
1.256335637725626286e+00
1.261016001023717470e+00
1.265617546518699399e+00
1.270406563108028797e+00
1.274959907011532056e+00
1.280124658272758786e+00
1.284987101762576689e+00
1.289880161835887717e+00
1.294740657191323585e+00
1.299538238687574898e+00
1.304437353418152368e+00
1.309400768883537403e+00
1.314482403835117497e+00
1.319229013430431863e+00
1.324028013291556949e+00
1.328829390443089453e+00
1.333792026393340047e+00
1.339059032767914159e+00
1.344709348314690800e+00
1.349747389029078981e+00
1.354919996760228340e+00
1.360124326990040933e+00
1.365182317347396035e+00
1.370620017348275210e+00
1.376112652672755843e+00
1.381532610803397620e+00
1.387070991823276422e+00
1.392453163718953668e+00
1.397952821018424663e+00
1.403593238518985986e+00
1.409318470342532104e+00
1.415024354540122209e+00
1.420706066822803093e+00
1.426274312137593370e+00
1.431780033320267709e+00
1.437429214471443339e+00
1.443225211738752733e+00
1.449168573256305992e+00
1.454916910001984309e+00
1.460737591030285332e+00
1.466737718358898102e+00
1.472596013109540358e+00
1.478818023859321595e+00
1.484766274853271950e+00
1.490657387179681326e+00
1.496248295957113505e+00
1.502131764005313119e+00
1.508133506080313380e+00
1.513888043300241071e+00
1.520120144686804897e+00
1.526633724803004855e+00
1.532657197550200134e+00
1.538810929624022439e+00
1.545307777973819130e+00
1.551881498768788337e+00
1.558888888325990818e+00
1.565327580213196512e+00
1.571700205649141147e+00
1.578359804638256314e+00
1.584789656743096797e+00
1.591776935175232444e+00
1.598677096074847537e+00
1.605809128302873034e+00
1.612774657492959784e+00
1.619649311432328487e+00
1.626402897268292236e+00
1.633716514211307036e+00
1.640769346075906521e+00
1.647415868903064240e+00
1.654734390813956235e+00
1.661657504661149920e+00
1.668887024734712954e+00
1.676004287881284194e+00
1.683458405513397427e+00
1.690967493966668345e+00
1.698509210996963281e+00
1.705933026418016585e+00
1.713268997281018446e+00
1.720732792007061640e+00
1.728504371790064553e+00
1.735980523251063667e+00
1.743785775250188630e+00
1.751187347895658997e+00
1.758873747343963290e+00
1.766817946193813160e+00
1.774280918373288163e+00
1.782223312384659142e+00
1.790437877967479219e+00
1.798759005977933478e+00
1.807054941151518657e+00
1.815300307751254394e+00
1.823223442915650416e+00
1.831300936906589127e+00
1.839577882149087351e+00
1.848065921087617136e+00
1.856297875024584210e+00
1.865105585605532745e+00
1.873611174367939336e+00
1.882079496480774772e+00
1.890666319386116845e+00
1.899375197637159562e+00
1.908411584721984244e+00
1.916509288497744379e+00
1.925696598120004044e+00
1.934528693692856516e+00
1.943246850551324956e+00
1.951954841824290465e+00
1.961465519392113555e+00
1.970688353434716378e+00
1.980369724532459408e+00
1.989643476272804135e+00
1.999064596184625398e+00
2.008504327948288370e+00
2.018429303107714290e+00
2.028650384446153421e+00
2.038893696206595774e+00
2.049312161637060647e+00
2.059459606107519214e+00
2.069475610658100262e+00
2.079119320760363099e+00
2.088840329733505641e+00
2.099217765453392115e+00
2.109674112225815801e+00
2.120507859016290020e+00
2.131051533546072907e+00
2.142071803551377940e+00
2.153626260227869516e+00
2.164513303737926275e+00
2.175455774910673323e+00
2.186973089590682928e+00
2.198410925555441597e+00
2.209775861901179805e+00
2.221495018894308338e+00
2.232965245528624187e+00
2.244133981793352106e+00
2.255792388327556353e+00
2.267778640204307194e+00
2.279291711621958427e+00
2.291295020507898794e+00
2.303393853274883885e+00
2.315465676831968800e+00
2.327738162340423855e+00
2.340702442770762115e+00
2.353161333741726757e+00
2.366005248162553531e+00
2.378757498318332164e+00
2.391906784764366467e+00
2.406071214948394932e+00
2.419596452553911092e+00
2.433027835773128533e+00
2.446039994918410621e+00
2.459541187593269118e+00
2.472981047147586597e+00
2.487216947324787153e+00
2.500697783568792243e+00
2.514216823376687060e+00
2.528578484714158581e+00
2.543617244869297966e+00
2.557985082055762138e+00
2.572537354209507576e+00
2.586699508190087649e+00
2.602009936572931004e+00
2.616876155436293150e+00
2.632128539691835911e+00
2.647421818238454794e+00
2.662653149115631557e+00
2.678800257082575076e+00
2.695361945207493726e+00
2.710915608151748479e+00
2.727120347662053579e+00
2.743655425529111902e+00
2.760897238006189802e+00
2.777973939703814565e+00
2.795624011247151763e+00
2.813636871818317342e+00
2.832237635084883909e+00
2.850862829284512845e+00
2.868702281180222080e+00
2.886901156396903367e+00
2.905210976422876179e+00
2.924866890001545539e+00
2.944885405518340438e+00
2.964775243451313713e+00
2.985409468643216879e+00
3.006466292965097153e+00
3.027141361707780476e+00
3.047652276055784704e+00
3.069550411304879933e+00
3.091130879248040753e+00
3.112922782405173727e+00
3.134550889340748547e+00
3.158306588524260494e+00
3.180797398039661772e+00
3.203397802731443811e+00
3.226900359739066193e+00
3.250854896762880752e+00
3.276316737942526647e+00
3.300550864609218760e+00
3.325510645818279709e+00
3.350739734985695772e+00
3.378055165116557568e+00
3.404205423914403728e+00
3.431903097440163197e+00
3.460572312334118550e+00
3.488405182733949061e+00
3.517188379735413317e+00
3.546719900483921606e+00
3.577269655377118607e+00
3.606894044020012569e+00
3.639106322565554219e+00
3.671300898564299864e+00
3.702920019184573697e+00
3.736935677525562216e+00
3.771296168659970416e+00
3.805725611580712542e+00
3.841961069862204869e+00
3.877663129476078829e+00
3.913998663455930060e+00
3.952238866463026579e+00
3.992828150976828194e+00
4.031704205447039335e+00
4.074651912043298019e+00
4.118542470516175946e+00
4.162734077760656959e+00
4.207822803885220786e+00
4.252226604483356986e+00
4.301401995217005059e+00
4.351959718613058747e+00
4.404012840043892041e+00
4.455259012056442813e+00
4.513619257773254567e+00
4.572606118063467839e+00
4.633791271556708224e+00
4.698135224683943179e+00
4.764777507617519170e+00
4.835711537075093602e+00
4.904960461456492560e+00
4.978394918512075051e+00
5.062914940005374120e+00
5.151715633631289926e+00
5.240209280707715855e+00
5.338627498629464618e+00
5.444676318745501398e+00
5.554862724082517467e+00
5.675137927965664630e+00
5.806435182269701123e+00
5.940036491049982992e+00
6.099782518879800719e+00
6.271592716621024799e+00
6.471863660254546069e+00
6.690854556064247838e+00
6.957024156403527115e+00
7.287739585866695791e+00
7.704480490996460595e+00
8.398704509863689438e+00
9.727915407328062258e+00
