6.410717259148805084e-04
1.265331683070313818e-03
1.934996317583752724e-03
2.580873456797177796e-03
3.244568309254408731e-03
3.882930031843935623e-03
4.532283233567655466e-03
5.181079323958427685e-03
5.847289913687432443e-03
6.503818291830014767e-03
7.129946493507396260e-03
7.806961658283260649e-03
8.496802396934290472e-03
9.162073577773875363e-03
9.832044464423541144e-03
1.050885170265410291e-02
1.119576154176743152e-02
1.183311971836185916e-02
1.254178570472063575e-02
1.324462910636854673e-02
1.389348627903722391e-02
1.460779874435436630e-02
1.528404461107216519e-02
1.595519514944961428e-02
1.664288603051361504e-02
1.731758857741240096e-02
1.799179918254732377e-02
1.866293937866297589e-02
1.933756610562573433e-02
2.005303779033896019e-02
2.078289668719947303e-02
2.143737487779212580e-02
2.211436773008071746e-02
2.280977895251651635e-02
2.350974407954162931e-02
2.421995414018811993e-02
2.494120132245210286e-02
2.559645746419301690e-02
2.627993641960864671e-02
2.698381835214909083e-02
2.766256618480834872e-02
2.835461038574909123e-02
2.907501370987976286e-02
2.977629999033703373e-02
3.046153080357103665e-02
3.115275959958177174e-02
3.184803084853422839e-02
3.257069421261094694e-02
3.327847032480853867e-02
3.399018964621922101e-02
3.466359593845260573e-02
3.538636074591074848e-02
3.605151364672900399e-02
3.674984202047110182e-02
3.741718365555130738e-02
3.812394832366820113e-02
3.882291982339793751e-02
3.958807597906964515e-02
4.025796352335054423e-02
4.096639910617153046e-02
4.165662761104556994e-02
4.237898280475830420e-02
4.309239930916908962e-02
4.382363588199891802e-02
4.452622956254612130e-02
4.525199310351379206e-02
4.596982547080815523e-02
4.668551607039967549e-02
4.737335325641825468e-02
4.808001145772455853e-02
4.878218809895535496e-02
4.949836188293776917e-02
5.021833087930119982e-02
5.094068329619318158e-02
5.165325715660958050e-02
5.239996284290536488e-02
5.310375226731298831e-02
5.384180898379399560e-02
5.453003752203901960e-02
5.526115987184526679e-02
5.596727561985152810e-02
5.673003434663607264e-02
5.745498223736700966e-02
5.820381003389153707e-02
5.890918218069068901e-02
5.963091546183062891e-02
6.036133737587880826e-02
6.110532868349367180e-02
6.182410425121817599e-02
6.254307152894028610e-02
6.328841482171890243e-02
6.401670098283412935e-02
6.476182850527777146e-02
6.547761079528484351e-02
6.622598300143561767e-02
6.697155128352162701e-02
6.771683350354278097e-02
6.847303851656881546e-02
6.921630159673831939e-02
6.993514040036642732e-02
7.067388778304575792e-02
7.143515147209486549e-02
7.217066647765477128e-02
7.291400289463467743e-02
7.365439379774534057e-02
7.441580789200526180e-02
7.512947933277815127e-02
7.584612299373114097e-02
7.660190285920885633e-02
7.734214381991247333e-02
7.813029211905078708e-02
7.890618673017021911e-02
7.971088137192511303e-02
8.048335276313850484e-02
8.123094029042751685e-02
8.202327195195899256e-02
8.277252058614086028e-02
8.349300491768033017e-02
8.422588191546109826e-02
8.496615621887247671e-02
8.576076983747590865e-02
8.654013310995374575e-02
8.731006468227120454e-02
8.809941420849813631e-02
8.884609568685694625e-02
8.965982731116593774e-02
9.042299629752285905e-02
9.121102716605886118e-02
9.197632044833002618e-02
9.275401452446686845e-02
9.350801942609218709e-02
9.432006282045732326e-02
9.509230090077892827e-02
9.583151401905719291e-02
9.660253649227629191e-02
9.738797537712609587e-02
9.816316856684205450e-02
9.893666165252555655e-02
9.974505111586784434e-02
1.005643441812993921e-01
1.013431273313665087e-01
1.021489061704715373e-01
1.029332280774095804e-01
1.037813466382037919e-01
1.045841118473277570e-01
1.053961131802413631e-01
1.061818995645573277e-01
1.069611218451239631e-01
1.077989220088702849e-01
1.086023420379904347e-01
1.094189421304299220e-01
1.102290075624882126e-01
1.110088205049024335e-01
1.118145239535594665e-01
1.126213472986398734e-01
1.134425888274318700e-01
1.142404856329866242e-01
1.149806024269460908e-01
1.157829560710627176e-01
1.166186500389234104e-01
1.174473107199233840e-01
1.182693889472598153e-01
1.190442328024890889e-01
1.198294991950099864e-01
1.206343450533739758e-01
1.214700890443434905e-01
1.222907729138954097e-01
1.230963198721573282e-01
1.239332683063103790e-01
1.247686778690376280e-01
1.256113384722159498e-01
1.264250892115405811e-01
1.272744409116040309e-01
1.280686967994258685e-01
1.289208304462920451e-01
1.297560572329101991e-01
1.305776708885718340e-01
1.313885894567390078e-01
1.322245001441083589e-01
1.330464477783019073e-01
1.339157960676108372e-01
1.347589557998196408e-01
1.356336933952914103e-01
1.364819702610595431e-01
1.373481665897157977e-01
1.381980259054100268e-01
1.390519202670847942e-01
1.398755579209891853e-01
1.407682694615775276e-01
1.416600593194271285e-01
1.424890643575040527e-01
1.433420140761196837e-01
1.442833880529486579e-01
1.451585940339124026e-01
1.460296084665976268e-01
1.469224958375689727e-01
1.478234461508007580e-01
1.487280186748018707e-01
1.496257209770756325e-01
1.504897024931234895e-01
1.513442830800729444e-01
1.522070737162852239e-01
1.530818895766748733e-01
1.539373498062110712e-01
1.548596965403786774e-01
1.557544919083840296e-01
1.566409379160698112e-01
1.575066644993883547e-01
1.584938400201173214e-01
1.593579356871330510e-01
1.602327283651400480e-01
1.610888641525372866e-01
1.620035532696738612e-01
1.628552766470877100e-01
1.637842604856707129e-01
1.646884117626558897e-01
1.656074643331002794e-01
1.664676448492758698e-01
1.673695771374102137e-01
1.682682386330720259e-01
1.692170181538961982e-01
1.701633308615310425e-01
1.710779565347600450e-01
1.720047028173191384e-01
1.728798634641881549e-01
1.737687109478938396e-01
1.746906105013894261e-01
1.756137436779512118e-01
1.764906515934769049e-01
1.774424787305393103e-01
1.783211886135887547e-01
1.792752093599798702e-01
1.802142531561341798e-01
1.811542800080657711e-01
1.820576508201877941e-01
1.829424823185592797e-01
1.838949514737889535e-01
1.848189303647511661e-01
1.857113726902292206e-01
1.866479257098040134e-01
1.875472605478213095e-01
1.884293233049294525e-01
1.893725689714240989e-01
1.903519698497696533e-01
1.912794541942090254e-01
1.922393385040480907e-01
1.932263198762003975e-01
1.942103382927500010e-01
1.951629763017860841e-01
1.960683354275394585e-01
1.969792325811331457e-01
1.979470078438467784e-01
1.989198092258956940e-01
1.999211868979639262e-01
2.008909472917779493e-01
2.018628616909745599e-01
2.028487909835192393e-01
2.038488276956298695e-01
2.047941250547666014e-01
2.058086410836022784e-01
2.067888998721590654e-01
2.077634807674412221e-01
2.086723156129777768e-01
2.096245957154592721e-01
2.106120377418160272e-01
2.116450185090662517e-01
2.126425695707500618e-01
2.136150295351030015e-01
2.146225565228961629e-01
2.156329512532245696e-01
2.166025510754030214e-01
2.175313497078901481e-01
2.185071385183613712e-01
2.194513260402141119e-01
2.204990373467067832e-01
2.215168763908051119e-01
2.225228430102769439e-01
2.235200173269670798e-01
2.245290041246559010e-01
2.254944139270763925e-01
2.264906069989287840e-01
2.274882427165555721e-01
2.284874677320846703e-01
2.294978685915999850e-01
2.304801165599789647e-01
2.314742549054386034e-01
2.324829851446821027e-01
2.334814535057279095e-01
2.345467837058543004e-01
2.355220412758001758e-01
2.365405210278491710e-01
2.375978405761084433e-01
2.386861745837967341e-01
2.396433795528646049e-01
2.407219358476889171e-01
2.417793294182903618e-01
2.428137030950945074e-01
2.437981338339678949e-01
2.448621044547763248e-01
2.459668171053223662e-01
2.470602089347812003e-01
2.481307637816657641e-01
2.491413165000976870e-01
2.501871223660833699e-01
2.512138054315534164e-01
2.522995565791884554e-01
2.533335432980095558e-01
2.543765011549300459e-01
2.554189799041196585e-01
2.564372348607052432e-01
2.575077566497002146e-01
2.585607504141062551e-01
2.596644160670255053e-01
2.607543807204741326e-01
2.618010919664974234e-01
2.628770259247693586e-01
2.640164266384290581e-01
2.650413752207372853e-01
2.660931690519324211e-01
2.671639348736083996e-01
2.682963156569274088e-01
2.693756682608500208e-01
2.704993778968151630e-01
2.715934498365895622e-01
2.727517111877569844e-01
2.738336298070481734e-01
2.749134374744028331e-01
2.760469678707571650e-01
2.771219182631673439e-01
2.782181721872020730e-01
2.793530025645473702e-01
2.805012050176214355e-01
2.815691571931042692e-01
2.827036624360464989e-01
2.837985216645438347e-01
2.849316177877687095e-01
2.860714283396847968e-01
2.872018396638206239e-01
2.883059246999913894e-01
2.894061080865776847e-01
2.905040668592896447e-01
2.916353726890099085e-01
2.927282826507741631e-01
2.938309627302568283e-01
2.950054821321539400e-01
2.961486595160935931e-01
2.972506378111615666e-01
2.984461434121478685e-01
2.996214459668579133e-01
3.007396644258391039e-01
3.018512488480739608e-01
3.030082492470451694e-01
3.041700235743148850e-01
3.053192423282679036e-01
3.063777345646634953e-01
3.075202632280258919e-01
3.086578510661506236e-01
3.098345824716719488e-01
3.109589702114258225e-01
3.120906415979602389e-01
3.132796244588819112e-01
3.145148951842888785e-01
3.156793740848258256e-01
3.168317471334112789e-01
3.180833672078450802e-01
3.192314450744258014e-01
3.204198787038953777e-01
3.216390615943631737e-01
3.227623596098131986e-01
3.239863003850361189e-01
3.251626871026219168e-01
3.264246050873104710e-01
3.276184208867322645e-01
3.288409933603896329e-01
3.300683657262229453e-01
3.313158479499855313e-01
3.325761751529982546e-01
3.337484424956915219e-01
3.349294828317793127e-01
3.361440967889011144e-01
3.373795271041948873e-01
3.385714950915850174e-01
3.398033711825809711e-01
3.410593658801684414e-01
3.422883848678145990e-01
3.435088389617229621e-01
3.447575454852208066e-01
3.460121553392525029e-01
3.472782353721722282e-01
3.485777415005598678e-01
3.498865752799459328e-01
3.511408000545601649e-01
3.524097316142209002e-01
3.537770401277174348e-01
3.550924114451626257e-01
3.564175959745012334e-01
3.576905413409121048e-01
3.589925410896886993e-01
3.603356644866470004e-01
3.616305888345929254e-01
3.629267696874454163e-01
3.642017620168824799e-01
3.655272929580416497e-01
3.668672302656124096e-01
3.681845264568394671e-01
3.694843461093863524e-01
3.708567845295664966e-01
3.721342099945757487e-01
3.734872734285018536e-01
3.748451677398118576e-01
3.760982037176566761e-01
3.773892240252034180e-01
3.786955813087103939e-01
3.800413464070808156e-01
3.814317419769090445e-01
3.828179232509023033e-01
3.841638141645853377e-01
3.856072359687628959e-01
3.870124765818441226e-01
3.883765971536733974e-01
3.897521078708508502e-01
3.911031611232914096e-01
3.924963008008798826e-01
3.938796906774476581e-01
3.952454285078952356e-01
3.966680845059348814e-01
3.980358068790417758e-01
3.993640421418566677e-01
4.007352071230032009e-01
4.021880901806815234e-01
4.035093897206861180e-01
4.048848543169195069e-01
4.062530314325727421e-01
4.075514589677778909e-01
4.089369818771645404e-01
4.104164866361064146e-01
4.117986541206167250e-01
4.132516490914426854e-01
4.146593438604109783e-01
4.160513301642142503e-01
4.174654648609515406e-01
4.188636614520630519e-01
4.202630960514219249e-01
4.217050330115372780e-01
4.231644289879196164e-01
4.246426904186393347e-01
4.260370575339775812e-01
4.275535175947073330e-01
4.289647381676789384e-01
4.303949751672937474e-01
4.318658722291568997e-01
4.333962138576268885e-01
4.348727124832622026e-01
4.362736496040336975e-01
4.377041608487944324e-01
4.392434533782568207e-01
4.406800095320763666e-01
4.420898027527199181e-01
4.436193729330393243e-01
4.451862436470488404e-01
4.466889119418609444e-01
4.482331196406963425e-01
4.497015129002979728e-01
4.512131991330007308e-01
4.528430992249353748e-01
4.544203341143000507e-01
4.559628090033837622e-01
4.575973388746061299e-01
4.591270601058743406e-01
4.606495946178005840e-01
4.621766641199826497e-01
4.637373807571731898e-01
4.651995384188620242e-01
4.667121623270544806e-01
4.683503313989548777e-01
4.698761309576597323e-01
4.715530541982886903e-01
4.730690167936701940e-01
4.746468001594847941e-01
4.762259804777394523e-01
4.778161554619368978e-01
4.793649346410860379e-01
4.808818608960596652e-01
4.825039571420217110e-01
4.840833382205612656e-01
4.856904113699180847e-01
4.872666560946208314e-01
4.889349913354811838e-01
4.905121773008630504e-01
4.920796686092062111e-01
4.936958945910494001e-01
4.953098350080297751e-01
4.969588688801129805e-01
4.985929699233028756e-01
5.002126316301787057e-01
5.019521575166833172e-01
5.035996814167107427e-01
5.051726555627794601e-01
5.068716199203200379e-01
5.086044415999524393e-01
5.102644464396807189e-01
5.119685189732047226e-01
5.136338002566125382e-01
5.153343808157948569e-01
5.170549699411413069e-01
5.187424418730743891e-01
5.203639812811616805e-01
5.220890669285137564e-01
5.238213432543942227e-01
5.255370902458738058e-01
5.273337644189084461e-01
5.290183048448352521e-01
5.306990614171724907e-01
5.323604298184905215e-01
5.341362143442748289e-01
5.359402629176863719e-01
5.377443423808857537e-01
5.395472160387554394e-01
5.414427216815101973e-01
5.432912883086258304e-01
5.450826621892683743e-01
5.468762746285436016e-01
5.487236619240688507e-01
5.504536410840863425e-01
5.523298397330906884e-01
5.542174199261550305e-01
5.560838189358685568e-01
5.579922997115702721e-01
5.598803941167628251e-01
5.617643267854077749e-01
5.636850238688870807e-01
5.654977939309162593e-01
5.674456375209609993e-01
5.693489796039081785e-01
5.711558728417904796e-01
5.730715730329516422e-01
5.748655031429630302e-01
5.766753273054653350e-01
5.785358346523843398e-01
5.804780126040489652e-01
5.824599561794679969e-01
5.842873896455794691e-01
5.861549242782567726e-01
5.881979961222361108e-01
5.901464664929926274e-01
5.921186811321709209e-01
5.941431746688038418e-01
5.960435411579365628e-01
5.979829264813899536e-01
5.999211081645340338e-01
6.018146681221956396e-01
6.038671645077005046e-01
6.059341836907655710e-01
6.079036487851622317e-01
6.099582018656471982e-01
6.120516923859290470e-01
6.140456787444947828e-01
6.161087371718456662e-01
6.181873095294357912e-01
6.204454273241647444e-01
6.224990095079571129e-01
6.246050335465775927e-01
6.266502978592355388e-01
6.288471509149936578e-01
6.309929372138353143e-01
6.330353843487565024e-01
6.350268195252579684e-01
6.370619283970541114e-01
6.390659622595348255e-01
6.411300427388408885e-01
6.432685149194998786e-01
6.453256982024220267e-01
6.475204530197911090e-01
6.496541351494901084e-01
6.518236284793997859e-01
6.540484919362753446e-01
6.562619578382558050e-01
6.584041465696502948e-01
6.605106717772658564e-01
6.627328019012816984e-01
6.649406237922922402e-01
6.670778845895656284e-01
6.692757711234220697e-01
6.715664898671983574e-01
6.738901544823874268e-01
6.760485462461347517e-01
6.782372644164725850e-01
6.805573035511764957e-01
6.826990556152940925e-01
6.849424070962503164e-01
6.872089741237806804e-01
6.894779064985001593e-01
6.916884333882165059e-01
6.940426008982673034e-01
6.963472438067147552e-01
6.988028861841411032e-01
7.012555722731828034e-01
7.036833103056315819e-01
7.060934777619863878e-01
7.085473067430326788e-01
7.109204901855460390e-01
7.132691502800546646e-01
7.155880740819030583e-01
7.179046444638310653e-01
7.204067853384508169e-01
7.227522456525796724e-01
7.252252214976910860e-01
7.276170162641183436e-01
7.299545700247258573e-01
7.323436246419997575e-01
7.347580657675090166e-01
7.372998131514203468e-01
7.398198973786955790e-01
7.424853526307164664e-01
7.449709964094315406e-01
7.474192532186985094e-01
7.498837696877246328e-01
7.525782251011593482e-01
7.550980495013036586e-01
7.575995377034635547e-01
7.603314580175235537e-01
7.629073571003218701e-01
7.656321179849403524e-01
7.682415161649969182e-01
7.709382768935427732e-01
7.736128441152015922e-01
7.762423258393471581e-01
7.789067951064643225e-01
7.816476366394942144e-01
7.843843812216222400e-01
7.869965341966855821e-01
7.896266843437370619e-01
7.925166787383213229e-01
7.950863357122879282e-01
7.977919563984503526e-01
8.005538290133995538e-01
8.035242366233465994e-01
8.063673750417530428e-01
8.091641744979942708e-01
8.120462908450293282e-01
8.149092323582743935e-01
8.177615250151526460e-01
8.205680277588919269e-01
8.235407437993247370e-01
8.263186718244769358e-01
8.291362116879735789e-01
8.319575683575475278e-01
8.349717340548766797e-01
8.377867319353485831e-01
8.407134798557622801e-01
8.436238461418626988e-01
8.464400042139231806e-01
8.495450732620933865e-01
8.528461952174510863e-01
8.558198489093514771e-01
8.585968812467291711e-01
8.616652686353208912e-01
8.646487934236937178e-01
8.676243176284020864e-01
8.706309701977926752e-01
8.738164301324984340e-01
8.770144309781214842e-01
8.803941267805530657e-01
8.834532467740714434e-01
8.866143453183604750e-01
8.897424218152309994e-01
8.931007202029966896e-01
8.962146050891180993e-01
8.994607544762170948e-01
9.029472044296950051e-01
9.062355497849341468e-01
9.094521233826454720e-01
9.127591798706315984e-01
9.162244336534085543e-01
9.196661211459399299e-01
9.229581695620171500e-01
9.263894127077612062e-01
9.300014405816582341e-01
9.335814384542909794e-01
9.369766635838814306e-01
9.406110146836814678e-01
9.441160420398612141e-01
9.477308458166491256e-01
9.511723503414656333e-01
9.548078042326452186e-01
9.582716947801540597e-01
9.617277827930790224e-01
9.652807223241822721e-01
9.689890349963919958e-01
9.726242133117003474e-01
9.761808911730145422e-01
9.798869174364884804e-01
9.834622177212301031e-01
9.871112079256498806e-01
9.909411672079448952e-01
9.947964341929013132e-01
9.986022719427556371e-01
1.002476538659655025e+00
1.006430656403073165e+00
1.010358609869172364e+00
1.014451157330635178e+00
1.018395077477168398e+00
1.022250691824691637e+00
1.026275589198722527e+00
1.030255635892689314e+00
1.034155101131451815e+00
1.038148961139243598e+00
1.042016915032446533e+00
1.046153176501385174e+00
1.050310677119727032e+00
1.054439137289209016e+00
1.058746221444135216e+00
1.063122699390381287e+00
1.067317890403488123e+00
1.071611606314182508e+00
1.075971728331581501e+00
1.080353690652965826e+00
1.084894264318737367e+00
1.089243104310611443e+00
1.093835200573942013e+00
1.098248529941117324e+00
1.102809603224159885e+00
1.107372920644581926e+00
1.111678628858249640e+00
1.116184712602261708e+00
1.120712589128175063e+00
1.125435226138707723e+00
1.130266464373249180e+00
1.135034185541052620e+00
1.139867950792076812e+00
1.144652822961568450e+00
1.149331609582589842e+00
1.153951480150350095e+00
1.158808743777158146e+00
1.163748874407044775e+00
1.168606091991903462e+00
1.173528829394893780e+00
1.178303264226446379e+00
1.183246506369195927e+00
1.188324931755138536e+00
1.193539022894140489e+00
1.198723711837330175e+00
1.204264979770546473e+00
1.209309139905179853e+00
1.214525806829011678e+00
1.219656517660924644e+00
1.224950566562037935e+00
1.230358955120728348e+00
1.235880540283414764e+00
1.241158856873910254e+00
1.246576201666270034e+00
1.251994022370874982e+00
1.257510686667334010e+00
1.262870810819651579e+00
1.268574047791309445e+00
1.274287568852009001e+00
1.279980166650703355e+00
1.285342379160411941e+00
1.290725765022655791e+00
1.296451411411583043e+00
1.302535748856280984e+00
1.308299001299066511e+00
1.313978142160902918e+00
1.320069369217940158e+00
1.326169072176536012e+00
1.332191512261121202e+00
1.338354922197853236e+00
1.344348993555451122e+00
1.350387625608721498e+00
1.356483924113289774e+00
1.362805122220140497e+00
1.369092560360835709e+00
1.375033240123881617e+00
1.381123519746539019e+00
1.387558820992748965e+00
1.393917050882916397e+00
1.400387677309734347e+00
1.406891595829925956e+00
1.413106544122655128e+00
1.419248690791390155e+00
1.425573570575308313e+00
1.432253351981484180e+00
1.439114327195349041e+00
1.445724012765821520e+00
1.452504750628673680e+00
1.458950635162526099e+00
1.465773018276537387e+00
1.472386527967683545e+00
1.479118998355170689e+00
1.485953396754242872e+00
1.492691954631502282e+00
1.499987299776561533e+00
1.506967465903544134e+00
1.514249566612190012e+00
1.521169083737522243e+00
1.528383953294075059e+00
1.535236743398880055e+00
1.542123398716731764e+00
1.549653440425565520e+00
1.556655762334867577e+00
1.563792513194078637e+00
1.570900620669773540e+00
1.578431386716571350e+00
1.585709980716975664e+00
1.592866301002231255e+00
1.600829185379201158e+00
1.609127974905089520e+00
1.616786554116569796e+00
1.624440180804878286e+00
1.632565673567599518e+00
1.640375211497253849e+00
1.648494168592962827e+00
1.656128615460082054e+00
1.664347346957600893e+00
1.672446697385667091e+00
1.680857944449308139e+00
1.689651549911798334e+00
1.698159919658313921e+00
1.706764856135920105e+00
1.715101670245702481e+00
1.723184280664613599e+00
1.731429733366960155e+00
1.739722788976064027e+00
1.748327355331348754e+00
1.756702363470627359e+00
1.765684907933706693e+00
1.774405488328934188e+00
1.783323816145186314e+00
1.791619983105082747e+00
1.800943929893401574e+00
1.809784412340090354e+00
1.818612785810945986e+00
1.828396785015098613e+00
1.837749677950415439e+00
1.847281221613723767e+00
1.856224111523474551e+00
1.865773704019140888e+00
1.874854843170104646e+00
1.884194850101388985e+00
1.893654611544818955e+00
1.903307874920708187e+00
1.913487681467354484e+00
1.923042019299790129e+00
1.932752102113579840e+00
1.942366745989287713e+00
1.952646054714724633e+00
1.962681846819273490e+00
1.973108847086461504e+00
1.983194464297811210e+00
1.993590451698569188e+00
2.004706106301308299e+00
2.014907308027978683e+00
2.025077563744785980e+00
2.035801954389705681e+00
2.047156024281262532e+00
2.057798273644660281e+00
2.069024181148768182e+00
2.079271889995306655e+00
2.090747286889585332e+00
2.101563503332784411e+00
2.113215719416248639e+00
2.124304020222991696e+00
2.135935935878755743e+00
2.147096552682296711e+00
2.158822178258866575e+00
2.170068291993705767e+00
2.181255221856188697e+00
2.193766025719578572e+00
2.205711940438465302e+00
2.217861603923513947e+00
2.229829285058717581e+00
2.242242239418069882e+00
2.255092865200184704e+00
2.267276791604214914e+00
2.279702869068208404e+00
2.291938419379614622e+00
2.304568632457096200e+00
2.317574232348714514e+00
2.330128341444101636e+00
2.343301820477193598e+00
2.357596071294018714e+00
2.370953347926889165e+00
2.384369644471572514e+00
2.398159004150540063e+00
2.411402814525950511e+00
2.425778224868167410e+00
2.439281116014583972e+00
2.454717310988507428e+00
2.468659100720548505e+00
2.483442728167047253e+00
2.498655772735339564e+00
2.513985394971443466e+00
2.528321029784167173e+00
2.543094009702461022e+00
2.558494179723839856e+00
2.573234454614917510e+00
2.589012361947715668e+00
2.604715182803055917e+00
2.620882908188320481e+00
2.635626616605311057e+00
2.651818009435014112e+00
2.668440375557677324e+00
2.685088316931622199e+00
2.702174336207518568e+00
2.718469108914508769e+00
2.734907898846836716e+00
2.751800710541848272e+00
2.770220182159135014e+00
2.787351144934419711e+00
2.803829295730199789e+00
2.821381480147636012e+00
2.839387825799799980e+00
2.857289323692966843e+00
2.875679860565118151e+00
2.894449219956038544e+00
2.913000292930652435e+00
2.933155901077038052e+00
2.952762132931844974e+00
2.972505463926178759e+00
2.991693081302495560e+00
3.010999293205403937e+00
3.032065592426128386e+00
3.052531514381425115e+00
3.073887329655167644e+00
3.095350123183892244e+00
3.116407461810231538e+00
3.137676935564119862e+00
3.158918907142479693e+00
3.180749406868470519e+00
3.204534562878522674e+00
3.227846927121838849e+00
3.250327120613833110e+00
3.272895075968861978e+00
3.296264497809028970e+00
3.321076570588930021e+00
3.345713350432771183e+00
3.370829837367110393e+00
3.397196430501375541e+00
3.422066987660712378e+00
3.448602714910887546e+00
3.474920032056914465e+00
3.501178878786731286e+00
3.528954553849532161e+00
3.557774366642853625e+00
3.585133034190772339e+00
3.614490690308082232e+00
3.643913977524714021e+00
3.672948922053547172e+00
3.704061086951924153e+00
3.735755618629075236e+00
3.766632075529339208e+00
3.799965551247654005e+00
3.833923364522691557e+00
3.865381388645316552e+00
3.901095535120553404e+00
3.934091671091425990e+00
3.969796955629932178e+00
4.006626046341475345e+00
4.044505500543745136e+00
4.083626172535256060e+00
4.121514774963743299e+00
4.162215644881316123e+00
4.202806241200755188e+00
4.245395444362670467e+00
4.289227083726338208e+00
4.332969281840314046e+00
4.378188447165505259e+00
4.424945141986984076e+00
4.473202143020439614e+00
4.522073536795899074e+00
4.574009916904608453e+00
4.624828312300287791e+00
4.680264289720719617e+00
4.739114492888495178e+00
4.800622747696998260e+00
4.861121600100851481e+00
4.924210128807827935e+00
4.991669590516802479e+00
5.057003969139304722e+00
5.126845946751314109e+00
5.203492338935554073e+00
5.280192702603479837e+00
5.361675470644857278e+00
5.442216886543924659e+00
5.533676723477248593e+00
5.629673957544735430e+00
5.734413962293074540e+00
5.841414139922945559e+00
5.959522967474788047e+00
6.086640763808604859e+00
6.228783917994103803e+00
6.390319944227604410e+00
6.572928429410541895e+00
6.778630293970474341e+00
7.004488400620326516e+00
7.259050597057742138e+00
7.594880032406150505e+00
8.043226702042925780e+00
8.713326273020264523e+00
9.927508944084928899e+00
