7.279521431862434871e-04
1.453909441502200008e-03
2.176728657236270351e-03
2.930855690362609099e-03
3.654745041922844145e-03
4.398557661158526352e-03
5.135580047915176867e-03
5.948902917540392458e-03
6.690525266999960453e-03
7.474389329320476824e-03
8.206276903744345180e-03
8.938825052233550020e-03
9.721567042664060188e-03
1.048909869850915728e-02
1.128767168417168891e-02
1.201463356030637794e-02
1.278014583965303951e-02
1.357260568941816639e-02
1.431619286538343520e-02
1.505544552013136569e-02
1.577563023033583950e-02
1.649503404518856339e-02
1.727501321971220902e-02
1.803539717230362438e-02
1.883091566480797271e-02
1.962368776332633694e-02
2.043115266441185643e-02
2.119861228626599911e-02
2.198118428447860817e-02
2.273758203759285168e-02
2.350559735572090719e-02
2.427008474236344929e-02
2.502262272814766153e-02
2.584142009022988989e-02
2.659942460088943889e-02
2.739268174018774996e-02
2.817634114881894733e-02
2.899802244921695360e-02
2.981839166963228677e-02
3.058221113745887218e-02
3.135435914119531070e-02
3.212804468446420203e-02
3.292960126844561575e-02
3.370091148669976389e-02
3.447424680497772342e-02
3.524625035880906559e-02
3.603229703594690997e-02
3.681763450766220580e-02
3.763108420002177212e-02
3.841759997162413898e-02
3.917019429237130618e-02
3.995959055383069281e-02
4.075779423569207693e-02
4.154175138699827546e-02
4.229891647719795367e-02
4.308397043103921048e-02
4.388729202239944477e-02
4.469532089926519375e-02
4.550921045980623608e-02
4.632500205747459854e-02
4.715077919656984057e-02
4.796566909340672924e-02
4.878426345269962217e-02
4.959366641173434259e-02
5.037890211789772948e-02
5.118316744551499459e-02
5.192932434050503976e-02
5.272754724272138427e-02
5.356478200137904794e-02
5.435080855597801408e-02
5.516008993523254661e-02
5.594655559528357441e-02
5.676560496064987638e-02
5.757913487594071289e-02
5.836806687718669451e-02
5.923747633436433208e-02
6.005732659696084996e-02
6.087181556613428107e-02
6.172962322140248398e-02
6.253524593149448196e-02
6.336334578194692535e-02
6.416913789236348975e-02
6.501744962172842368e-02
6.586249640482522150e-02
6.669139081958908033e-02
6.751472743452290037e-02
6.840264376293501980e-02
6.925248615749869663e-02
7.006547924070123667e-02
7.085631834007093122e-02
7.175778632648401045e-02
7.259335309155651172e-02
7.345928486398153878e-02
7.428877624877590347e-02
7.521253780690681512e-02
7.605080734552979727e-02
7.689459489745195664e-02
7.768105154205171003e-02
7.853469203997361092e-02
7.937759349274156606e-02
8.024362718484967516e-02
8.112825564576946202e-02
8.203047344439295951e-02
8.288614917760096790e-02
8.372870026376941222e-02
8.450507437988961923e-02
8.535457769496583580e-02
8.617226309250232419e-02
8.703420938665523687e-02
8.784598571146717827e-02
8.871824973532797809e-02
8.956200668766062245e-02
9.041052320244723217e-02
9.127748639504432160e-02
9.215254149039252274e-02
9.301644690910500224e-02
9.385321893346981748e-02
9.473454959386705398e-02
9.560464614040543874e-02
9.650943819118416866e-02
9.736500483088782187e-02
9.825562401634380105e-02
9.910718760698131180e-02
9.998386833387314099e-02
1.008338668829722312e-01
1.016850225305553912e-01
1.025626559783318764e-01
1.034300303162901946e-01
1.043128273924042032e-01
1.051759564486266091e-01
1.060132038678909538e-01
1.069188120543928117e-01
1.078489451330463533e-01
1.087996316630658183e-01
1.096644056852465327e-01
1.105384617561470662e-01
1.114609433913412578e-01
1.123700521842899563e-01
1.133195548195832653e-01
1.142198042946974967e-01
1.150736090947088314e-01
1.159617807238626924e-01
1.168529847379592423e-01
1.177259366412845981e-01
1.186046040350983155e-01
1.194885134660119280e-01
1.203784038068227563e-01
1.213007385438415464e-01
1.222314281569455430e-01
1.231458683577509455e-01
1.240618593677755843e-01
1.249839658273775439e-01
1.258893870732797349e-01
1.268276495188277175e-01
1.277333943371052327e-01
1.286418491372963158e-01
1.295905667390245819e-01
1.305391072390081619e-01
1.314227041464962609e-01
1.323580397177600287e-01
1.332093621024375008e-01
1.341357827012203130e-01
1.350291466731966539e-01
1.359226629981565015e-01
1.368357893226268551e-01
1.377666947551237642e-01
1.386604831278560879e-01
1.395429326613318310e-01
1.405043520412984914e-01
1.414566208710245909e-01
1.424108716230234051e-01
1.433691595953943965e-01
1.443376383611837122e-01
1.452360522020298694e-01
1.461665075902570388e-01
1.470839619044960744e-01
1.480388553486046976e-01
1.490348091679933873e-01
1.500165208242436321e-01
1.509735704377353771e-01
1.518914012131748204e-01
1.528136832996345451e-01
1.537780452163040046e-01
1.547382881704210122e-01
1.556647677776112904e-01
1.566204545519910007e-01
1.575495617059379516e-01
1.585375177441107619e-01
1.595617984224347585e-01
1.605071711033512760e-01
1.614583925072621551e-01
1.624334625098779739e-01
1.634270857081993045e-01
1.643559220746735605e-01
1.653744949828286070e-01
1.663514356668589766e-01
1.673094920044644052e-01
1.682807906562587552e-01
1.692505433521619695e-01
1.702460794109385001e-01
1.712132338163281364e-01
1.722424207281585407e-01
1.732502809549399392e-01
1.742448443388457668e-01
1.752624394093905413e-01
1.762727310981155870e-01
1.772451905057488009e-01
1.782055568053583228e-01
1.791489447585544181e-01
1.801943918115842258e-01
1.811863662969909194e-01
1.821834917620010208e-01
1.832060607210286851e-01
1.842053952173134390e-01
1.851462609326488540e-01
1.861317376892173692e-01
1.871199688087714919e-01
1.881218393710138437e-01
1.891123876862804976e-01
1.900891746093426038e-01
1.911100636111353057e-01
1.921092699417847605e-01
1.931035052983718636e-01
1.941030707881203354e-01
1.951937854028347463e-01
1.962396441295945759e-01
1.972827193975267568e-01
1.983467990107169732e-01
1.993986282186794856e-01
2.003834960960193812e-01
2.014451770025630917e-01
2.023671909108026579e-01
2.034329878120611224e-01
2.045037199305966003e-01
2.054761960539168986e-01
2.064740779227970113e-01
2.075355675500834551e-01
2.085499532593417527e-01
2.096218762536244673e-01
2.106576765491065817e-01
2.117516212238752804e-01
2.128177315717724449e-01
2.138359008751335166e-01
2.148806790484911744e-01
2.159382417598050830e-01
2.169836823357140232e-01
2.180314692846207214e-01
2.190822343437120179e-01
2.201073538320536260e-01
2.211466784252608120e-01
2.222641715525119355e-01
2.233038320217458350e-01
2.243605090518150935e-01
2.254272580266579173e-01
2.265634911277094599e-01
2.276112114244565332e-01
2.287154179378210472e-01
2.297801527038225711e-01
2.308577027121508640e-01
2.318988407984918787e-01
2.329973041730914463e-01
2.340298211459795885e-01
2.351184834831686610e-01
2.361751214404913535e-01
2.372681942901348484e-01
2.383360480914222534e-01
2.394565383055644314e-01
2.405513231921000417e-01
2.416714581437910125e-01
2.428181851423572291e-01
2.438926928659223836e-01
2.450301084529041828e-01
2.461290068096482486e-01
2.472496300929913904e-01
2.483239743679421796e-01
2.493581357182009517e-01
2.504973825807060850e-01
2.515727185239474140e-01
2.526929290500772307e-01
2.537747713671014704e-01
2.548489976542708257e-01
2.559165988438534267e-01
2.570501507100982352e-01
2.581545346060678536e-01
2.592860426957485642e-01
2.603940638940566155e-01
2.615368664461131254e-01
2.627119127262685927e-01
2.639349946291387750e-01
2.650375429508687319e-01
2.661775365461332976e-01
2.673241035065209714e-01
2.684756113222743212e-01
2.696501960081014171e-01
2.708030831417614914e-01
2.719521897432984892e-01
2.730222344488481556e-01
2.741067017106249004e-01
2.752882994016808693e-01
2.764455005841263135e-01
2.776484953500862884e-01
2.788698343674960722e-01
2.800319193520352523e-01
2.811957565691496908e-01
2.823381657857678695e-01
2.835503045576664438e-01
2.846895798037166192e-01
2.859092123851443290e-01
2.870762377643557572e-01
2.881945973931221983e-01
2.893662843594030920e-01
2.905177519483072013e-01
2.916776777395865272e-01
2.928392088888027711e-01
2.940321576782933821e-01
2.952345588182729297e-01
2.963912293215640870e-01
2.975719264274951370e-01
2.987642250114692088e-01
2.999811183486217891e-01
3.012249612970511747e-01
3.024636441060024050e-01
3.036463237926692038e-01
3.047537571221300423e-01
3.058846847030253779e-01
3.070994528176838045e-01
3.083349761983194548e-01
3.095694493726376950e-01
3.107988848619858135e-01
3.119918796560698926e-01
3.131113348749638980e-01
3.143576030576062386e-01
3.155252786247514929e-01
3.167361913618174096e-01
3.179566297500174277e-01
3.191677440138831479e-01
3.203853419195046848e-01
3.217144144948783646e-01
3.229456675363992502e-01
3.241983047338046209e-01
3.254531977174178192e-01
3.267088741834924814e-01
3.280142904663240211e-01
3.293230739001538621e-01
3.306415190795518599e-01
3.318924891758761597e-01
3.331928571701301411e-01
3.344886556330664562e-01
3.356926881047197497e-01
3.369337688375433904e-01
3.381562249688945254e-01
3.393953797939173733e-01
3.406832671558977510e-01
3.419625288380552797e-01
3.432719927988783226e-01
3.445656724060514597e-01
3.457993360803858773e-01
3.470333418269034853e-01
3.483131442314668647e-01
3.496531412742942546e-01
3.509032884350191672e-01
3.522124537676817324e-01
3.534703335138550950e-01
3.547806073244318958e-01
3.561623822372110282e-01
3.573942754321038362e-01
3.587382846026966887e-01
3.599813456141941481e-01
3.612545981917919535e-01
3.625501415124115501e-01
3.638348380000360760e-01
3.650860768698185321e-01
3.664202486759591260e-01
3.677731594054327036e-01
3.691222456828451293e-01
3.705370709384184780e-01
3.718723383389235804e-01
3.731783816474208426e-01
3.744791332929928163e-01
3.757826232414415712e-01
3.771033028653113517e-01
3.783936333990379763e-01
3.797402006478996506e-01
3.810662869434699451e-01
3.824172153243386441e-01
3.838004578119993404e-01
3.852378961952791503e-01
3.865676398933602931e-01
3.879048022822888520e-01
3.892848811352642158e-01
3.906330555289430073e-01
3.919861398804093122e-01
3.933869160272064347e-01
3.947174195327466384e-01
3.960499817015878943e-01
3.974486770655081269e-01
3.989354472700868959e-01
4.003344082769715317e-01
4.017345982542356864e-01
4.031485537077365566e-01
4.045450942599108091e-01
4.059543005023546480e-01
4.073797773797898092e-01
4.087745520140931843e-01
4.101490891728932775e-01
4.116334059192294226e-01
4.130594285610197369e-01
4.144460170628722628e-01
4.158600892363124024e-01
4.173037897208729530e-01
4.187401695265872692e-01
4.201360197673462138e-01
4.215649566990262720e-01
4.229766793172070605e-01
4.244350686617015533e-01
4.258789574520477905e-01
4.272727774649421884e-01
4.287433346853822824e-01
4.301957494634802703e-01
4.316744389344854271e-01
4.331707032676374025e-01
4.346621875233791510e-01
4.361092313871269277e-01
4.376101763639307363e-01
4.391286050345567515e-01
4.405900757668018142e-01
4.420780793474482495e-01
4.434605478301854031e-01
4.449766098741143039e-01
4.464857114658672410e-01
4.480171144353687906e-01
4.495168175777245478e-01
4.510643456189304401e-01
4.526398008898175895e-01
4.541307834044274183e-01
4.557244234401631733e-01
4.572109885864273915e-01
4.587739565560156052e-01
4.602780614797178371e-01
4.618590848254528480e-01
4.633528128593141782e-01
4.649131902410879591e-01
4.664474023102210820e-01
4.680552991497232695e-01
4.696771978598121011e-01
4.712102823384795580e-01
4.728081588083722919e-01
4.744622681781050511e-01
4.760168925577105137e-01
4.775804991226121343e-01
4.791609486301798282e-01
4.806886640670059441e-01
4.822863256639413065e-01
4.838435967684627803e-01
4.853172609466764320e-01
4.868772305362729647e-01
4.884680017093700477e-01
4.900677018431892074e-01
4.917518955591360652e-01
4.934447880122065921e-01
4.951255721566970580e-01
4.967572996725195256e-01
4.983951373402564222e-01
4.999923580851680649e-01
5.016201571651099922e-01
5.032768407810785938e-01
5.048612901978597467e-01
5.064886231799092808e-01
5.081423907896370773e-01
5.098427750554394011e-01
5.116354368106551531e-01
5.132648081364876713e-01
5.149831442682846205e-01
5.166141235896415385e-01
5.183722796961661716e-01
5.200036738150467519e-01
5.216863580695259017e-01
5.234803241599620405e-01
5.252395374462845989e-01
5.270016026211650217e-01
5.286563413754103991e-01
5.303874856200723187e-01
5.320936011774833885e-01
5.338039579338893503e-01
5.355361961450224584e-01
5.372098640162283889e-01
5.389831545312828709e-01
5.406979694952044335e-01
5.424152187070315767e-01
5.441201783278419857e-01
5.457841684988391506e-01
5.474397583132607492e-01
5.491241177216559244e-01
5.509263659097322074e-01
5.527573092996818094e-01
5.545268337312522222e-01
5.563369746646384950e-01
5.580657709612966144e-01
5.598243097984970662e-01
5.615983334806953220e-01
5.633468027282653168e-01
5.652132202912797387e-01
5.671045142216250001e-01
5.688574582623318054e-01
5.705959914930366361e-01
5.724718522188529946e-01
5.742343343864214633e-01
5.760808492009729109e-01
5.779529602747469630e-01
5.798408205381052616e-01
5.817785021682884139e-01
5.836535671640580292e-01
5.855383971566499035e-01
5.874160518469357939e-01
5.892036491338068505e-01
5.910259949164239357e-01
5.929804253499078026e-01
5.948107646495315315e-01
5.966136065976394010e-01
5.985515530116272132e-01
6.004899533132035394e-01
6.022919425815588257e-01
6.041512230995654820e-01
6.060118065591665326e-01
6.078619239146857423e-01
6.098320527499319077e-01
6.117751811765826941e-01
6.136983028546650898e-01
6.156984355801627951e-01
6.175345276241300807e-01
6.194787769496474805e-01
6.214590192505468069e-01
6.233948959272367363e-01
6.253924578101629494e-01
6.274059700262466510e-01
6.294450863412361930e-01
6.313629738146077086e-01
6.333605297434840020e-01
6.354309076117491406e-01
6.373952421656983169e-01
6.393969310674778583e-01
6.414147824233406014e-01
6.433547977753570901e-01
6.453388105183296419e-01
6.474088509532287539e-01
6.495138616965645539e-01
6.515706655526652957e-01
6.535841370909526438e-01
6.555426136859386910e-01
6.575031074692624378e-01
6.595746402506297290e-01
6.617299782078652770e-01
6.638475365560394525e-01
6.659388735976674578e-01
6.680909329999619173e-01
6.700766550757976114e-01
6.721879456535180264e-01
6.742917772137060339e-01
6.763842405955270420e-01
6.785535662634799570e-01
6.807201266131007733e-01
6.828979672669462930e-01
6.849656499710341517e-01
6.870990711496898218e-01
6.893054247223943110e-01
6.914776591557877383e-01
6.935554229159064388e-01
6.955933748843520226e-01
6.977676934254287699e-01
6.999763648947037176e-01
7.021854267823446349e-01
7.043343287789414209e-01
7.064352987736937095e-01
7.087129916199199631e-01
7.109847909511414210e-01
7.133400810455652330e-01
7.155723491918650758e-01
7.178307781699035939e-01
7.201602189041106383e-01
7.225055051517793592e-01
7.247906466743513354e-01
7.269890961376785921e-01
7.292776812215394644e-01
7.315056304256978281e-01
7.338287437729464902e-01
7.361682354967942210e-01
7.384071537248988459e-01
7.407657649422162427e-01
7.431832517437083618e-01
7.453689806936195650e-01
7.477601943710379118e-01
7.501037521704690958e-01
7.524919924855755227e-01
7.549337909795273971e-01
7.573653214427710223e-01
7.597893298172514465e-01
7.622519501204169101e-01
7.648644390192229636e-01
7.670762178345125193e-01
7.694774068160523672e-01
7.719730023885836845e-01
7.742719405811785416e-01
7.766882785364125352e-01
7.792555951728389330e-01
7.817340456364584300e-01
7.841998235464684441e-01
7.866928409351077178e-01
7.892116811124517683e-01
7.916708375261619635e-01
7.941401034633973621e-01
7.966787338179003308e-01
7.992916701923997724e-01
8.019263772506356469e-01
8.045072866832068126e-01
8.071340250267795557e-01
8.096654459503055401e-01
8.123759598550539529e-01
8.148943185931459832e-01
8.175142724363680946e-01
8.200267133447480816e-01
8.226064787505357190e-01
8.251573794261264361e-01
8.278234717093441164e-01
8.304813073295533865e-01
8.331312109220535556e-01
8.357816575588151720e-01
8.383804243905560449e-01
8.411894373496994204e-01
8.440138413967421815e-01
8.467485478171257185e-01
8.493646779462187268e-01
8.520733967953697530e-01
8.548817971904888458e-01
8.577871581773878207e-01
8.606693697726086612e-01
8.635225947581638417e-01
8.662790232611911057e-01
8.689510479420256006e-01
8.717987943937802742e-01
8.745982351250234377e-01
8.773935779428143622e-01
8.802487830890769471e-01
8.831302762345157875e-01
8.860315506350165959e-01
8.889321043191240612e-01
8.916687873031812206e-01
8.948278565655706229e-01
8.976573474741961212e-01
9.006850788272185993e-01
9.035923954693029225e-01
9.067230611180974176e-01
9.097298791296744014e-01
9.126366429342674946e-01
9.154964008518555740e-01
9.184334026929920070e-01
9.216115575531214077e-01
9.247206023393907959e-01
9.280290559326876965e-01
9.310627134926993120e-01
9.341820609538254994e-01
9.373471702549578399e-01
9.403796385814656711e-01
9.434921360056734985e-01
9.466594142256442579e-01
9.497149292857266500e-01
9.527205472145751086e-01
9.559161388074355337e-01
9.590008101372634597e-01
9.621521807844176655e-01
9.652323261874424798e-01
9.686069175614219207e-01
9.717836811854707602e-01
9.751203643098882434e-01
9.783211697108445959e-01
9.816042457770489671e-01
9.848895288108325818e-01
9.882368986685161616e-01
9.916736207916163615e-01
9.948756872859615408e-01
9.982586587718286220e-01
1.001737936824342201e+00
1.005246494505360078e+00
1.008579578620122152e+00
1.012168020357043341e+00
1.015748416383893016e+00
1.019102973405575874e+00
1.022557021334597138e+00
1.026190667117830246e+00
1.029878305611279909e+00
1.033586965532580448e+00
1.037196083419257064e+00
1.040665820987259016e+00
1.044269147313238832e+00
1.047993562590419314e+00
1.051630848337690383e+00
1.055216944750857477e+00
1.058829754963836356e+00
1.062381165617852341e+00
1.065982724465281084e+00
1.069716175837927885e+00
1.073650868539979708e+00
1.077354835162027902e+00
1.080870839731733257e+00
1.084680729891164042e+00
1.088452303466022508e+00
1.092146454339892436e+00
1.095890265661188856e+00
1.099963595018566220e+00
1.103878204815006869e+00
1.107942434220964723e+00
1.111974244900223674e+00
1.116053786970727879e+00
1.120068610939011888e+00
1.123728223183730224e+00
1.127830093561498437e+00
1.131957409082818167e+00
1.135977883634042174e+00
1.140068777675024236e+00
1.143972088622221328e+00
1.147989537562184026e+00
1.152204251202532115e+00
1.156417537853061894e+00
1.160686199850532896e+00
1.164982385004274867e+00
1.169129076728269823e+00
1.173289596237685917e+00
1.177624821083402828e+00
1.181825608466437583e+00
1.186122943203560931e+00
1.190661740141163882e+00
1.194767430804809516e+00
1.198987430074265781e+00
1.203444515079460597e+00
1.208026889251944791e+00
1.212404156396733379e+00
1.216826136424025151e+00
1.221291352460534663e+00
1.225655065560478096e+00
1.230232123064185723e+00
1.234804216754254780e+00
1.239481903040554833e+00
1.243764564331827138e+00
1.248410078605264095e+00
1.252921470398107973e+00
1.257620264970739754e+00
1.262565888653551127e+00
1.267283354828161679e+00
1.272047948488139957e+00
1.276770192518333458e+00
1.281691524009965777e+00
1.286628337293456381e+00
1.291578008442483050e+00
1.296495891526572963e+00
1.301338655808610856e+00
1.306057507102746484e+00
1.311289778389669536e+00
1.316274114688757546e+00
1.321545937816308136e+00
1.326596996130906758e+00
1.331902122335024252e+00
1.336816125228593499e+00
1.341997727720006361e+00
1.347492505858637335e+00
1.352178209607224790e+00
1.357516796626572431e+00
1.362931983292843707e+00
1.368543999568512248e+00
1.373711354887471980e+00
1.379016906473046866e+00
1.384416574510965336e+00
1.389927567411776366e+00
1.395493495776654935e+00
1.400871139215812633e+00
1.406275186536613875e+00
1.411828885274222012e+00
1.417958316292655674e+00
1.423429785998217900e+00
1.428927677725549517e+00
1.435023372358573246e+00
1.440845999735031580e+00
1.446394951525392880e+00
1.452154150797536181e+00
1.457827629725344742e+00
1.463640518833976500e+00
1.469315572378969925e+00
1.475054362147122822e+00
1.481152322511604114e+00
1.486817508077513006e+00
1.492821532625058900e+00
1.499006159218836398e+00
1.505232655226771854e+00
1.511334945995473689e+00
1.517535046824810996e+00
1.523974039104164291e+00
1.529784398896554709e+00
1.536116896409346788e+00
1.542381082854425545e+00
1.548757500276801924e+00
1.555231650657494136e+00
1.561830488399819750e+00
1.568533812981931508e+00
1.574844174038344535e+00
1.581594529408245631e+00
1.588199879059323916e+00
1.594487223650679297e+00
1.601096379966230332e+00
1.607713118825101484e+00
1.614159508867368586e+00
1.620868933306319315e+00
1.627649624144769769e+00
1.634540870152352054e+00
1.641819069876675918e+00
1.649019457552899137e+00
1.655954091381925952e+00
1.663238056865421921e+00
1.670030722698743419e+00
1.677027520042047248e+00
1.683851620055721199e+00
1.691409658667164528e+00
1.699018085367254738e+00
1.706631840589666771e+00
1.714320713907655058e+00
1.722034171934107682e+00
1.729208931666734061e+00
1.737147952703813836e+00
1.744660499932041864e+00
1.752515354523842106e+00
1.760211524960121343e+00
1.767991772127782468e+00
1.775659165286834096e+00
1.783501751982816241e+00
1.791027139297515225e+00
1.798773442352541219e+00
1.806345449231125500e+00
1.814414650657814487e+00
1.822328755787616661e+00
1.830678216367204403e+00
1.839071625796167675e+00
1.847032465765388931e+00
1.854952678480431549e+00
1.863161019359384163e+00
1.871936810414105423e+00
1.880680047245694819e+00
1.888918810032006235e+00
1.897636597226898481e+00
1.906733419724357947e+00
1.915642253955149643e+00
1.924385461154170640e+00
1.933845444428706761e+00
1.942450906889238160e+00
1.951809678621766242e+00
1.961210314465785753e+00
1.970626812412613393e+00
1.980449320063957241e+00
1.989900486333030516e+00
1.999206760215228140e+00
2.008874646104915840e+00
2.017573897914938907e+00
2.027819946078124325e+00
2.036987923101662989e+00
2.046378035675027185e+00
2.056652080275655159e+00
2.066971346505142471e+00
2.077020446318227798e+00
2.086901537887610125e+00
2.097428941843646477e+00
2.107946259237522213e+00
2.118045208368432242e+00
2.128993959394827495e+00
2.140447349989187842e+00
2.151226750824595690e+00
2.161583205789662898e+00
2.172692377538548048e+00
2.184234200205288356e+00
2.196176340928589710e+00
2.207064879617806064e+00
2.218664652165922568e+00
2.230010183368360543e+00
2.242309919767101256e+00
2.254275865243974941e+00
2.265837889986577203e+00
2.277379368332981269e+00
2.289297658451842743e+00
2.301515463508018833e+00
2.313878415728674476e+00
2.326429487511797678e+00
2.338344986551916360e+00
2.350662398226334382e+00
2.363203621212239369e+00
2.376174500498993591e+00
2.389302388623291584e+00
2.402183978703197109e+00
2.416051509042815848e+00
2.429867893807834189e+00
2.443233540456369646e+00
2.456650419883162684e+00
2.470918106076138709e+00
2.484841029635644016e+00
2.499376725658205345e+00
2.513569483650439196e+00
2.527303170691884926e+00
2.541443347534686925e+00
2.557170285858168413e+00
2.572408179398085082e+00
2.587307246609506173e+00
2.601879437235461889e+00
2.617080047242236862e+00
2.631700456001495159e+00
2.647632593570165671e+00
2.663425895406235977e+00
2.679885613586792115e+00
2.695198811599202937e+00
2.711788032319686348e+00
2.729025953185967079e+00
2.745282390181799315e+00
2.762891542358225649e+00
2.780541998296647055e+00
2.798242066397383709e+00
2.815330704999379208e+00
2.833024617006546286e+00
2.851336272237992464e+00
2.868827678618036447e+00
2.887830115218526839e+00
2.906449854521095499e+00
2.925513678954154706e+00
2.944353266362824240e+00
2.965091945779811056e+00
2.986109925155257638e+00
3.005609523824922746e+00
3.026859367544487700e+00
3.046189905116433394e+00
3.067211504183808835e+00
3.087444276419764044e+00
3.108537522546399146e+00
3.130596694923645007e+00
3.153191480265892466e+00
3.175181026761985770e+00
3.199096057404787086e+00
3.222328472129877941e+00
3.246524771950391575e+00
3.269564944670339202e+00
3.293323409128556811e+00
3.316979785856684959e+00
3.343368425957716994e+00
3.369492542564720416e+00
3.396985837758985216e+00
3.424420226076969165e+00
3.451911327121113704e+00
3.478604510304461161e+00
3.506344352166737455e+00
3.535968711791399155e+00
3.564794611728744123e+00
3.595615568709525256e+00
3.627364865174070641e+00
3.658129785706435655e+00
3.691646806718522189e+00
3.724091384938484239e+00
3.758699009270090929e+00
3.793717470766305944e+00
3.828564661972261973e+00
3.864206405482490947e+00
3.903324703339489332e+00
3.942928439909959781e+00
3.984664856777447639e+00
4.023960219496349744e+00
4.062594221849892939e+00
4.104951866563974150e+00
4.150009662811416256e+00
4.194131001147607840e+00
4.241782264020265814e+00
4.289119039007227130e+00
4.338505517743478812e+00
4.390381162472817067e+00
4.443121975145884583e+00
4.496896530896864697e+00
4.558544473750421488e+00
4.619047564286248964e+00
4.676644130095483298e+00
4.742188329946884551e+00
4.808914552480510807e+00
4.881944457937086312e+00
4.954032276292594794e+00
5.030761040341059420e+00
5.111913357962358795e+00
5.201871068280663479e+00
5.299834164591260333e+00
5.401814234124506342e+00
5.513045293579008188e+00
5.634766564780526288e+00
5.765266003228951774e+00
5.903328014807718738e+00
6.064284454951295089e+00
6.236179293875421692e+00
6.439148749825033491e+00
6.668400565723455742e+00
6.940725929131368765e+00
7.285669000540131002e+00
7.736521870895239239e+00
8.414921927547799996e+00
9.730600045917315200e+00
