5.301082614614623933e-01
5.623866233176033624e-01
5.806954516693163537e-01
5.938874227351336188e-01
6.039999345643820572e-01
6.121996748343998540e-01
6.193605816381239082e-01
6.257105692635653860e-01
6.314823362589518929e-01
6.367388642088782635e-01
6.415584766571948983e-01
6.458666151842403780e-01
6.501091185532515970e-01
6.541700597367009484e-01
6.576717838522576631e-01
6.609943511495433022e-01
6.643367851001734659e-01
6.674739608888935471e-01
6.705334843267670708e-01
6.733667023600765633e-01
6.761096280416339921e-01
6.788400092763740012e-01
6.813091757445978169e-01
6.838565221110312065e-01
6.862459241960671141e-01
6.887011051884939228e-01
6.910316098929378814e-01
6.933170604834713036e-01
6.954135904715613714e-01
6.975926851717523247e-01
6.995560249746518577e-01
7.015196999669022215e-01
7.034595129860985452e-01
7.053104300159910300e-01
7.071394324138745580e-01
7.089423425354330899e-01
7.107653754659238876e-01
7.124707263562893855e-01
7.141409425466673788e-01
7.157527464402456685e-01
7.173873679778445256e-01
7.189215038240950317e-01
7.204448071624169891e-01
7.219510650529088469e-01
7.234714185206693182e-01
7.248792734032472040e-01
7.263286793137606612e-01
7.277853543425067961e-01
7.292483157247064973e-01
7.306423993557237262e-01
7.320493937072384272e-01
7.333785082935171395e-01
7.346282511291840622e-01
7.358804061161637877e-01
7.372291261622966330e-01
7.385529360435887369e-01
7.398483395154176190e-01
7.411619884889038001e-01
7.423656282093261671e-01
7.435313654415708351e-01
7.447434769151838330e-01
7.458907902470767182e-01
7.471200364957394369e-01
7.483701202416482845e-01
7.494967903639581097e-01
7.507183571545797962e-01
7.518431074816087634e-01
7.529733586954114877e-01
7.540958475459326182e-01
7.551806671782096414e-01
7.563280827380810534e-01
7.572956186161197145e-01
7.582855782356282548e-01
7.593535376452711372e-01
7.603743763895061125e-01
7.614023695068190545e-01
7.624117030697611375e-01
7.633920645939147320e-01
7.643776008777166675e-01
7.653254561319942084e-01
7.662674867038670179e-01
7.672915126935481167e-01
7.683051465864326746e-01
7.692646555194522229e-01
7.702152608969132785e-01
7.711456176244537719e-01
7.720674320466049956e-01
7.729756872045132621e-01
7.738867148927655037e-01
7.748002572633602147e-01
7.757375834611272003e-01
7.766144209597217740e-01
7.775431402579429108e-01
7.784273715059794041e-01
7.793069865268851260e-01
7.801866542145298178e-01
7.810408800550340258e-01
7.819229781382768252e-01
7.827589140539130685e-01
7.835827182561271309e-01
7.843890466908614023e-01
7.852353310349480253e-01
7.860806077745497999e-01
7.869015634944446225e-01
7.877062364307890752e-01
7.885000704564404383e-01
7.892913740355422814e-01
7.900816318616274980e-01
7.908797016547672865e-01
7.916865108977084731e-01
7.924862846340199329e-01
7.933080326712368402e-01
7.941114861553025817e-01
7.948778961323184067e-01
7.956707820475161785e-01
7.964335718979222989e-01
7.972129204316328321e-01
7.980032964744807611e-01
7.987747160105704847e-01
7.995201014200626899e-01
8.002801285391710762e-01
8.010274265631502910e-01
8.017822988250723482e-01
8.025492214750153952e-01
8.033240635606353486e-01
8.040343979335385916e-01
8.047969293300576421e-01
8.054874189482987834e-01
8.062096639959668298e-01
8.069407599780860085e-01
8.077113695971875895e-01
8.084260276897698994e-01
8.091308038876822151e-01
8.098161691544746299e-01
8.105561445115487818e-01
8.112510616813457531e-01
8.119031010264325943e-01
8.125764833291844180e-01
8.132715020567332642e-01
8.139457415180133548e-01
8.146312995238902399e-01
8.153189382960994713e-01
8.160109462320356277e-01
8.166818866987676229e-01
8.173524290225657740e-01
8.179585751886392364e-01
8.186733846645442014e-01
8.193303378165053275e-01
8.199813141012174400e-01
8.206465938574347696e-01
8.213507375077209183e-01
8.219896471731164000e-01
8.226427128075597395e-01
8.233287743642839773e-01
8.239809864513694126e-01
8.246402771519126818e-01
8.253144448068119310e-01
8.259580090053604273e-01
8.265916540087654418e-01
8.272298700081021083e-01
8.278888466344722641e-01
8.284875947881671365e-01
8.291042758739021190e-01
8.297177497472710828e-01
8.303698835686051938e-01
8.309956450619888635e-01
8.316121745876858817e-01
8.322227724436648266e-01
8.328372606823981616e-01
8.334604437376096353e-01
8.340479710994883611e-01
8.346800497309214695e-01
8.352966152748757533e-01
8.359027672273797727e-01
8.365382702153076888e-01
8.371199550468709782e-01
8.377099444212824375e-01
8.383172073590007267e-01
8.389215709097144202e-01
8.395368232469196945e-01
8.401438749291648689e-01
8.407082938448655618e-01
8.413389084575265686e-01
8.418936824668049601e-01
8.424598692892425467e-01
8.430392745440102864e-01
8.436249068349216396e-01
8.442111952955919651e-01
8.447964383201810312e-01
8.453586280147133980e-01
8.459374364788557754e-01
8.465046340306107142e-01
8.470761360935625817e-01
8.476280886018103811e-01
8.481947063460719693e-01
8.487674205286938056e-01
8.493354657229029714e-01
8.499287951494541860e-01
8.504887048003346717e-01
8.510610399646907354e-01
8.516316943711121912e-01
8.522036771643677344e-01
8.527119429799498995e-01
8.532544071331457092e-01
8.537682815910413447e-01
8.543167708504563196e-01
8.548806655596890014e-01
8.554564997392171133e-01
8.560177330243841087e-01
8.565464178376315241e-01
8.571389774204136724e-01
8.576873508635153298e-01
8.582474171957370501e-01
8.587864664415619798e-01
8.593039198289003089e-01
8.598297024038498160e-01
8.603826788325105168e-01
8.609249992522235440e-01
8.614810097550649193e-01
8.620090380167801936e-01
8.625847772027080973e-01
8.631081822695667594e-01
8.636334536159132602e-01
8.641751635794080455e-01
8.646862612938046588e-01
8.652201498282642289e-01
8.657482057655040419e-01
8.662921127208748073e-01
8.668250918276750872e-01
8.673485578653764572e-01
8.678898793907549036e-01
8.683962288522416584e-01
8.689190051049465735e-01
8.694379709833902625e-01
8.699754796010362723e-01
8.704877811180508074e-01
8.710382775251264142e-01
8.715616639419515588e-01
8.720660240309678901e-01
8.726039028817382803e-01
8.731324852702992967e-01
8.736120022135838159e-01
8.741229204854343848e-01
8.746190688331620944e-01
8.751274886081406024e-01
8.756274105802519525e-01
8.761638821716574155e-01
8.766493678875052487e-01
8.771424053379210939e-01
8.776649694161051674e-01
8.781864297741305281e-01
8.786873104053758432e-01
8.791791875332909401e-01
8.796814308089522250e-01
8.801598691202519031e-01
8.806623600021910026e-01
8.811314450842661072e-01
8.816215372072668810e-01
8.821235423956562682e-01
8.826069453992122504e-01
8.830812981240009352e-01
8.835689036857139467e-01
8.840458633669056043e-01
8.845643453102747245e-01
8.850551984395411687e-01
8.855628838725798646e-01
8.860557390474551598e-01
8.865305262993270485e-01
8.870522838794676623e-01
8.875442810421858564e-01
8.880099398217311535e-01
8.885172870424763447e-01
8.890500798087136447e-01
8.895454581708138742e-01
8.900198063640151203e-01
8.905234444369154456e-01
8.909733561411113945e-01
8.914538690106099672e-01
8.919523945075731319e-01
8.924430095611028957e-01
8.929328863492691504e-01
8.934028589335166748e-01
8.938656972877229157e-01
8.943404330419932879e-01
8.948233794669597785e-01
8.953373524227747904e-01
8.958028218959455113e-01
8.962869933150336976e-01
8.967552914549442589e-01
8.972348377080602289e-01
8.977196906974120871e-01
8.981666324753037056e-01
8.986450247598632979e-01
8.991197853846439880e-01
8.995793519516551706e-01
9.000398986938115131e-01
9.005000560037104140e-01
9.009861123194053967e-01
9.014686031967429347e-01
9.019467737614695890e-01
9.024285884795302248e-01
9.028808795918040753e-01
9.033580257530666735e-01
9.038457946675382271e-01
9.043149939266065251e-01
9.047837475584212807e-01
9.052547410941190753e-01
9.057233521604538540e-01
9.061910937469882521e-01
9.066665110926062088e-01
9.071671461392069036e-01
9.076337389298008151e-01
9.081136370388203094e-01
9.085749686371926703e-01
9.090203529547600247e-01
9.094931774974943650e-01
9.099454723473777706e-01
9.104280042439345522e-01
9.108842945451847140e-01
9.113350190707820708e-01
9.117731314024999367e-01
9.122420290050415881e-01
9.127004369365734338e-01
9.131531444288460975e-01
9.136060882583658671e-01
9.140527938253152351e-01
9.145201139010092906e-01
9.149610130237930683e-01
9.154151133289647468e-01
9.158848442596536632e-01
9.163477499725914965e-01
9.167912060175403832e-01
9.172285170738166959e-01
9.176885041700938439e-01
9.181274484363506350e-01
9.185648370440365751e-01
9.190309352910842611e-01
9.194784886986386852e-01
9.199406130858480690e-01
9.203814261804517116e-01
9.208422367038490153e-01
9.212861163845363910e-01
9.217471160898459415e-01
9.222102387315778138e-01
9.226635747272801114e-01
9.230880491259614296e-01
9.235267170578725926e-01
9.239800173093719593e-01
9.244158974162562936e-01
9.248344530190787394e-01
9.252923250350639783e-01
9.257345954884568240e-01
9.261791493486392080e-01
9.266156563031077154e-01
9.270510020138995610e-01
9.274968733449960867e-01
9.279587116920934298e-01
9.284079992461442554e-01
9.288557729922418682e-01
9.292940411142616153e-01
9.297154920726796723e-01
9.301596194980885635e-01
9.306094656799793752e-01
9.310670207755643579e-01
9.315289583265281559e-01
9.319452596881391271e-01
9.324329848608012838e-01
9.328467000146369870e-01
9.332605362938209970e-01
9.337151487557407981e-01
9.341498652117943280e-01
9.345990270642710041e-01
9.350528450799946434e-01
9.354772342550216058e-01
9.359158297159873019e-01
9.363555487822520229e-01
9.368037963622134479e-01
9.372318237177535982e-01
9.376731976801399027e-01
9.381119281847585256e-01
9.385557202558664214e-01
9.390036106148762496e-01
9.394390183170505670e-01
9.398589639388537087e-01
9.402985442103637403e-01
9.407562901101392816e-01
9.411736505581567158e-01
9.416273444944034399e-01
9.420580551376523948e-01
9.424948692599176558e-01
9.429376112523066844e-01
9.433767218927923137e-01
9.438223991768224241e-01
9.442874233572920994e-01
9.446972119759123876e-01
9.451155486513566073e-01
9.455549284564834789e-01
9.459969552328034714e-01
9.464303933529205626e-01
9.468612657382426967e-01
9.472935787390482920e-01
9.477602808151777136e-01
9.481942308595615598e-01
9.486180781249439198e-01
9.490622244164985677e-01
9.495146103679972249e-01
9.499911840623486148e-01
9.504076392159549469e-01
9.508197171717852614e-01
9.512656939486696661e-01
9.517123153129398716e-01
9.521501804651779644e-01
9.525896059846653552e-01
9.530249639427740282e-01
9.534591390139384171e-01
9.538761527891810310e-01
9.542683379364051977e-01
9.547008643373936509e-01
9.551358724554730451e-01
9.555516311273956065e-01
9.559594277108004468e-01
9.563922200266853357e-01
9.568433265258742271e-01
9.573099729745168096e-01
9.577379272604891192e-01
9.581607277334317496e-01
9.585965226732654498e-01
9.590117182424966469e-01
9.594497436270096324e-01
9.598858523286565303e-01
9.603086584407247717e-01
9.607407117438508948e-01
9.611665204763651937e-01
9.616124229089640929e-01
9.620581351584067686e-01
9.624962794370410801e-01
9.629227480942141870e-01
9.633411607766579898e-01
9.637829144172013196e-01
9.642081257390560101e-01
9.646362990606802690e-01
9.650762636619305557e-01
9.655181213272689966e-01
9.659381805464501980e-01
9.663625348063006326e-01
9.668091894213720616e-01
9.672323754177060140e-01
9.676688933116159852e-01
9.681095442507257065e-01
9.685314957780283285e-01
9.689496042119333241e-01
9.693793801282324374e-01
9.697960249151060808e-01
9.702117880859667531e-01
9.706685157352044069e-01
9.710890588431463355e-01
9.714981230703357840e-01
9.719333726043659638e-01
9.723666488232538541e-01
9.727881993020511819e-01
9.732224864032353873e-01
9.736316359326038228e-01
9.740589047830503500e-01
9.745061711667257764e-01
9.749450807353106097e-01
9.753582909821998381e-01
9.757820939190845477e-01
9.762013791639533311e-01
9.766182505875052877e-01
9.770546253491625421e-01
9.774951027891736199e-01
9.779414627420891515e-01
9.783826688974128771e-01
9.788367985458424902e-01
9.792834426120267111e-01
9.796977098352593893e-01
9.801505198660250828e-01
9.805926245834325483e-01
9.810247474216698960e-01
9.814686513012517155e-01
9.819037088482781561e-01
9.823479217455092227e-01
9.827770256721078956e-01
9.832175675918007896e-01
9.836575963047990978e-01
9.841254744144646294e-01
9.845573350941682067e-01
9.849925542484627705e-01
9.854421019866312914e-01
9.858860721536204519e-01
9.863302970401170988e-01
9.867420430935160969e-01
9.871817938271443271e-01
9.876359297954010463e-01
9.880519538705803129e-01
9.885017227929056016e-01
9.889474270939574430e-01
9.893850344412885578e-01
9.898102173738582144e-01
9.902510383567125762e-01
9.906871603232718648e-01
9.911444134786333571e-01
9.915611029529952658e-01
9.920122759109183397e-01
9.924413882530329634e-01
9.929000204927304063e-01
9.933443314427535809e-01
9.938006770242687749e-01
9.942335134538237140e-01
9.946692465406451467e-01
9.951085525158536171e-01
9.955407978949781800e-01
9.959583456367141485e-01
9.964056259586453468e-01
9.968597786600743582e-01
9.973042685920682215e-01
9.977497955477844238e-01
9.981737976190671047e-01
9.986034878382115121e-01
9.990282373276473393e-01
9.994508510826630721e-01
9.999082147530877762e-01
1.000349896181202736e+00
1.000808708604946196e+00
1.001260790593419436e+00
1.001702899110570311e+00
1.002143272966649512e+00
1.002568386043839022e+00
1.002992533731795310e+00
1.003434799442603831e+00
1.003871051116745461e+00
1.004297607804237380e+00
1.004767803012984295e+00
1.005210054184097146e+00
1.005647786231770757e+00
1.006091405965886088e+00
1.006541434388116718e+00
1.006979699514161108e+00
1.007410054148997425e+00
1.007830413575692585e+00
1.008267092126650999e+00
1.008725333383963862e+00
1.009167891779195081e+00
1.009625232003644957e+00
1.010056976985857613e+00
1.010485471574927407e+00
1.010947900296051305e+00
1.011389447595647972e+00
1.011839835115076358e+00
1.012292145014686229e+00
1.012743546384657467e+00
1.013198977316515315e+00
1.013647798579758952e+00
1.014111547031727456e+00
1.014528953579289405e+00
1.014983945775003171e+00
1.015412982094717753e+00
1.015833513322855985e+00
1.016296488331508208e+00
1.016741100270258658e+00
1.017198256200714690e+00
1.017630308633843850e+00
1.018071965013627178e+00
1.018531782786234352e+00
1.018994433729248250e+00
1.019449764632015309e+00
1.019905685019312669e+00
1.020368916492557565e+00
1.020809257066752851e+00
1.021245610267475401e+00
1.021714717976976994e+00
1.022170751150946577e+00
1.022610849291945456e+00
1.023079589957250235e+00
1.023522433068315252e+00
1.023983134277908880e+00
1.024419957640471113e+00
1.024860888940117842e+00
1.025310747168447723e+00
1.025777668796336917e+00
1.026240338110306904e+00
1.026662853132893183e+00
1.027137337558605035e+00
1.027607151554342790e+00
1.028039112829875368e+00
1.028497850437121608e+00
1.028951051630632829e+00
1.029420244950599583e+00
1.029873977623812831e+00
1.030364073479276277e+00
1.030831191046853501e+00
1.031286960365343619e+00
1.031758770280798210e+00
1.032227852563534665e+00
1.032702441329175214e+00
1.033164075605560672e+00
1.033628016873699096e+00
1.034083800122343355e+00
1.034530839070553210e+00
1.035000875589111358e+00
1.035473229675668794e+00
1.035941543009944565e+00
1.036400058109417932e+00
1.036845434698821178e+00
1.037301674197931511e+00
1.037764772986603523e+00
1.038219041218098937e+00
1.038675058597839262e+00
1.039149433722857951e+00
1.039614060347564539e+00
1.040064868627447403e+00
1.040537999960049920e+00
1.040997584161481804e+00
1.041483294062757858e+00
1.041935770965675134e+00
1.042427016221805669e+00
1.042883302742910745e+00
1.043360504323205484e+00
1.043804238258633665e+00
1.044296583253710775e+00
1.044778079749382860e+00
1.045242813838014095e+00
1.045735807740289625e+00
1.046206095144381898e+00
1.046672344347977734e+00
1.047155147212595505e+00
1.047625634105305847e+00
1.048113390784045418e+00
1.048605567803877259e+00
1.049089109450431545e+00
1.049599594727145480e+00
1.050079452506538669e+00
1.050570530361707222e+00
1.051062831931220964e+00
1.051533437637673485e+00
1.052016248874373394e+00
1.052484914431049745e+00
1.052992387997413015e+00
1.053471566019713368e+00
1.053925352128794124e+00
1.054397458950367295e+00
1.054868693622968978e+00
1.055352372732058397e+00
1.055837565004200229e+00
1.056320617076507151e+00
1.056833018556570192e+00
1.057323112453871783e+00
1.057801654877177366e+00
1.058302783541219538e+00
1.058798100341572068e+00
1.059300980575873963e+00
1.059802936293820830e+00
1.060282125744008486e+00
1.060777410368974882e+00
1.061286728150190983e+00
1.061811565021962833e+00
1.062298716087265449e+00
1.062830720465823608e+00
1.063333831680894681e+00
1.063812585322894355e+00
1.064279149920981826e+00
1.064782335263359636e+00
1.065281052247128324e+00
1.065776515701931881e+00
1.066272316799189435e+00
1.066800466675996484e+00
1.067296680495824823e+00
1.067816521440112965e+00
1.068338019652309567e+00
1.068846983913339654e+00
1.069331618341411660e+00
1.069839160302975323e+00
1.070330173989319400e+00
1.070847228019159658e+00
1.071344594873490541e+00
1.071839764879340295e+00
1.072343722607028482e+00
1.072889324552802170e+00
1.073412084720530402e+00
1.073927158086336764e+00
1.074430383086210972e+00
1.074970642288330502e+00
1.075490867651893501e+00
1.075988183798264552e+00
1.076499358586028521e+00
1.077019634146027860e+00
1.077540866146903253e+00
1.078064121775985207e+00
1.078592127864204109e+00
1.079117018660956884e+00
1.079639695329247084e+00
1.080104459548427043e+00
1.080624337430475590e+00
1.081131570554346055e+00
1.081656524963144905e+00
1.082178505551689263e+00
1.082709884764488484e+00
1.083242002384509517e+00
1.083743211627642200e+00
1.084274007718204924e+00
1.084774273446750259e+00
1.085297191621426460e+00
1.085848975381920045e+00
1.086361161143026166e+00
1.086889567584083505e+00
1.087427687791215680e+00
1.087949354031695570e+00
1.088497238073772744e+00
1.089020796819123005e+00
1.089572441702412631e+00
1.090113771857233571e+00
1.090656236334130336e+00
1.091179891291687465e+00
1.091754511131125760e+00
1.092297711344031086e+00
1.092832231493829021e+00
1.093403616172746950e+00
1.093963007848016478e+00
1.094541502075844441e+00
1.095076114589756955e+00
1.095617148845679845e+00
1.096159799346098973e+00
1.096722668976613857e+00
1.097268727269102184e+00
1.097817825748997889e+00
1.098376635305726934e+00
1.098941222884644020e+00
1.099486239137391630e+00
1.100037206024270242e+00
1.100575024206580155e+00
1.101136887136465736e+00
1.101691713046626164e+00
1.102267050600306719e+00
1.102832133183601071e+00
1.103399812224175047e+00
1.103975674977340171e+00
1.104550392795068614e+00
1.105108217305282414e+00
1.105687116468994313e+00
1.106250173440704421e+00
1.106826000362510776e+00
1.107411613605296274e+00
1.107986609675453149e+00
1.108571863471925489e+00
1.109117745050250958e+00
1.109685509953164395e+00
1.110262190303777041e+00
1.110832297753355125e+00
1.111436326392770457e+00
1.112013627809272931e+00
1.112574132105547564e+00
1.113129504558498795e+00
1.113720875486181150e+00
1.114297869941801800e+00
1.114876462432918824e+00
1.115473163118795963e+00
1.116057598064241319e+00
1.116663539851033171e+00
1.117281726310962675e+00
1.117911787447835259e+00
1.118519044314603805e+00
1.119079646237198578e+00
1.119674922630844227e+00
1.120284207487215467e+00
1.120892871975684324e+00
1.121490197049597626e+00
1.122090317856365482e+00
1.122692535965172711e+00
1.123292955229901802e+00
1.123878483231447678e+00
1.124498911494198339e+00
1.125136853237150403e+00
1.125744310566211492e+00
1.126370318025992523e+00
1.127006370073040831e+00
1.127640317129420922e+00
1.128282333878790622e+00
1.128929676459624387e+00
1.129549709232521071e+00
1.130162805747825683e+00
1.130807736667734043e+00
1.131489300689744626e+00
1.132142453300607032e+00
1.132801742121189559e+00
1.133450268009693618e+00
1.134125015868090669e+00
1.134774529798136422e+00
1.135399439452113635e+00
1.136040880953353538e+00
1.136669657893250251e+00
1.137310164029998516e+00
1.137928437001908710e+00
1.138571383796274095e+00
1.139214520731720803e+00
1.139873817971064129e+00
1.140550490527926897e+00
1.141205164290944873e+00
1.141888550681098735e+00
1.142579443846532206e+00
1.143249173610122682e+00
1.143965479189998469e+00
1.144654780192079002e+00
1.145348852687043228e+00
1.146007115640805596e+00
1.146705723093573548e+00
1.147431238648324969e+00
1.148122549007110083e+00
1.148802668018052309e+00
1.149503653522514046e+00
1.150233538655031307e+00
1.150863151262604633e+00
1.151560541023131767e+00
1.152239625673139756e+00
1.152906101927110294e+00
1.153619116070376371e+00
1.154321522061637184e+00
1.155010094214164784e+00
1.155719751748486290e+00
1.156433460671724145e+00
1.157191359588410462e+00
1.157922066762767210e+00
1.158653023833317697e+00
1.159391335344226670e+00
1.160107217081708830e+00
1.160822053614920746e+00
1.161568544234168332e+00
1.162313687611239210e+00
1.163094690276124554e+00
1.163825376133296396e+00
1.164579873270409349e+00
1.165335541561673516e+00
1.166082591325305229e+00
1.166817721013192033e+00
1.167555823586711616e+00
1.168318226024937179e+00
1.169109722665601980e+00
1.169882184412705639e+00
1.170632601966184350e+00
1.171413204076348302e+00
1.172184595560464171e+00
1.172967584798698670e+00
1.173811883818637103e+00
1.174602424175501536e+00
1.175406584560616530e+00
1.176226222335859495e+00
1.177001682738113342e+00
1.177791136761997981e+00
1.178558186464708779e+00
1.179347213504956748e+00
1.180190546145286623e+00
1.181005221664525262e+00
1.181819650450345760e+00
1.182691962265284058e+00
1.183505553683417810e+00
1.184376144888271254e+00
1.185259718173160559e+00
1.186088821634713408e+00
1.186923533247238094e+00
1.187727761621428568e+00
1.188551665174030658e+00
1.189408541546375764e+00
1.190317408845507741e+00
1.191166180842424760e+00
1.192079927559047015e+00
1.192966746710835801e+00
1.193836396795629362e+00
1.194786598946060874e+00
1.195688758156329579e+00
1.196620504489045445e+00
1.197566862109745278e+00
1.198490058979279516e+00
1.199426520285913567e+00
1.200363676723222195e+00
1.201305065760220003e+00
1.202224344768714426e+00
1.203100592627498244e+00
1.204094537244967400e+00
1.205064307980942884e+00
1.206053519743603752e+00
1.207051689512226966e+00
1.207972071590448726e+00
1.208937137695928365e+00
1.209909390938618712e+00
1.210902158531783623e+00
1.211915485716655194e+00
1.212888086954270861e+00
1.213873578752863391e+00
1.214955789748073389e+00
1.215997020137030704e+00
1.217017399270810651e+00
1.218031638259624794e+00
1.219044849191876390e+00
1.220108232674961490e+00
1.221126099992674741e+00
1.222170066013010370e+00
1.223230387406436526e+00
1.224375939397000401e+00
1.225423632849353739e+00
1.226502655499095429e+00
1.227643051495304949e+00
1.228739049332148392e+00
1.229861492478367513e+00
1.230994907110339431e+00
1.232168470886054523e+00
1.233380170215296223e+00
1.234538861303797086e+00
1.235754281120394094e+00
1.236837389541139531e+00
1.238019191988225076e+00
1.239280288175641065e+00
1.240421475980448607e+00
1.241649384757663732e+00
1.242904219039765668e+00
1.244199041643286652e+00
1.245534100747663242e+00
1.246801597181379728e+00
1.248055061174865310e+00
1.249341947179232859e+00
1.250616078102621653e+00
1.251917931692640540e+00
1.253205389709042272e+00
1.254527944857207977e+00
1.255777588213146778e+00
1.257160968152887470e+00
1.258542078740529924e+00
1.260055184410580953e+00
1.261457174035107487e+00
1.262831698232001365e+00
1.264230698669477349e+00
1.265701385515626942e+00
1.267265505466211195e+00
1.268841727857228818e+00
1.270312671917471770e+00
1.271871898319027361e+00
1.273452708096859176e+00
1.275054932435277566e+00
1.276658315520637466e+00
1.278270373885453726e+00
1.279980514987580698e+00
1.281684273511163097e+00
1.283320202051851711e+00
1.285085331247743046e+00
1.286823928659783789e+00
1.288595811213400832e+00
1.290453957654735362e+00
1.292384487368024137e+00
1.294227877510744529e+00
1.296126996295773326e+00
1.297989630956097207e+00
1.299871193598411523e+00
1.301848078417155108e+00
1.303886103888471482e+00
1.305890387756777349e+00
1.307985603147854281e+00
1.310112973697737937e+00
1.312221933419483122e+00
1.314381797511511962e+00
1.316524075486581236e+00
1.318726367531989574e+00
1.321117587517072423e+00
1.323470823819248743e+00
1.325944113304744043e+00
1.328334796743252166e+00
1.330821463588150788e+00
1.333311043287113806e+00
1.336072420584281328e+00
1.338748098995117042e+00
1.341551026431519578e+00
1.344380215576940873e+00
1.347379202051437241e+00
1.350308903783927095e+00
1.353324775756701737e+00
1.356644742755036992e+00
1.359952600852774696e+00
1.363325221703838963e+00
1.366980815139260175e+00
1.370538539728946015e+00
1.374378844039142900e+00
1.378253042332217237e+00
1.382135365746438360e+00
1.386401803764802265e+00
1.391143556728024810e+00
1.395869053913586733e+00
1.401112011493631071e+00
1.406354020843602060e+00
1.411706351007636195e+00
1.417548616080449131e+00
1.423744374872063290e+00
1.430550216731752089e+00
1.437956480323999475e+00
1.445973768415302008e+00
1.454565441389745972e+00
1.464538899087066026e+00
1.475231569169698442e+00
1.487618042763577675e+00
1.502272155588142422e+00
1.521586083149315982e+00
1.545802841384039894e+00
1.582164244515343876e+00
1.646615478080144301e+00
