5.300514641709981323e-01
5.612721835521120584e-01
5.802189908982907651e-01
5.931427328387226527e-01
6.037286575177430725e-01
6.118096146261468027e-01
6.190885606361807847e-01
6.258771475642466164e-01
6.316456894029465197e-01
6.369663326475561993e-01
6.417060106250721541e-01
6.461539862225261777e-01
6.503115435919540888e-01
6.542356943318784479e-01
6.577198322697117572e-01
6.611317206057947260e-01
6.643666237941954211e-01
6.676721585622182875e-01
6.707464546467166722e-01
6.736850687124881221e-01
6.763772866875217282e-01
6.790041981941477012e-01
6.814972156676172288e-01
6.839743861349718568e-01
6.863236397427533442e-01
6.885625561651838034e-01
6.907742722581354800e-01
6.929090611540191791e-01
6.950980559249336777e-01
6.970798344602819885e-01
6.991708628622377297e-01
7.010455281173069153e-01
7.028857183305095013e-01
7.047274438917490169e-01
7.066015604337406719e-01
7.083388746051914042e-01
7.101336247620335662e-01
7.118683096514423214e-01
7.135640957135179763e-01
7.152428904420856659e-01
7.167603349829652082e-01
7.184183818538445454e-01
7.198652596709409490e-01
7.213889186380985086e-01
7.228180383676610088e-01
7.242310823717995616e-01
7.257568704423263961e-01
7.271215286037229220e-01
7.285393399201692821e-01
7.299352586151259814e-01
7.312593663100298569e-01
7.326120804320603863e-01
7.339575809280589613e-01
7.352574761120488356e-01
7.365426245262466365e-01
7.378209058805864640e-01
7.390926768677911207e-01
7.403643273349695964e-01
7.415628710505193233e-01
7.428046737209617056e-01
7.439912073118030156e-01
7.452162616412608687e-01
7.464018127356432108e-01
7.476354924454968742e-01
7.487710635033703044e-01
7.498889082465601819e-01
7.510220985104709701e-01
7.521498909414657819e-01
7.532332353769517486e-01
7.542711231828522767e-01
7.553991379150939434e-01
7.565335706567223317e-01
7.575801730807009138e-01
7.586354276176301425e-01
7.596838079750884987e-01
7.607228258931154619e-01
7.617632851974446284e-01
7.627811092258689474e-01
7.637978233928524041e-01
7.648356081523380867e-01
7.658751250360548157e-01
7.668190506692116326e-01
7.678333531659601308e-01
7.688098060536050493e-01
7.697724336857089122e-01
7.707140871605813182e-01
7.715956581659100255e-01
7.725780700176771987e-01
7.735073403376453438e-01
7.744025174234919762e-01
7.753845638955316755e-01
7.762966228174364991e-01
7.771924030587455956e-01
7.781111960394256899e-01
7.790270196707412831e-01
7.799108499641937975e-01
7.808020557612735946e-01
7.816536213498492813e-01
7.825207599445108686e-01
7.833813289167429472e-01
7.841978690543393027e-01
7.850803017102983006e-01
7.859324174981421329e-01
7.868018334379532908e-01
7.876696937138717436e-01
7.884602892477390323e-01
7.892718850737825420e-01
7.901016298543271921e-01
7.908972125643685125e-01
7.917439671893655717e-01
7.925373175543360960e-01
7.933260388815314146e-01
7.941075741408700761e-01
7.949405547922679949e-01
7.957594864411671187e-01
7.965028299281732282e-01
7.973000427703260673e-01
7.980513360179716242e-01
7.988421175632950400e-01
7.995691727046454478e-01
8.003353988199209956e-01
8.010652644027012048e-01
8.018044571327720416e-01
8.025641370882919956e-01
8.032942701063607860e-01
8.040277173343404193e-01
8.047282272581138818e-01
8.054703158475823299e-01
8.061840157277874175e-01
8.069098943153915071e-01
8.076478985794384169e-01
8.083586088228865707e-01
8.090414284424211067e-01
8.097644081616092171e-01
8.104551764268116409e-01
8.111583933089431264e-01
8.118382309803208186e-01
8.125496152392340798e-01
8.132278298425594798e-01
8.138928280244123181e-01
8.145753275434701735e-01
8.152443978286747495e-01
8.159382670282641081e-01
8.166142318000819689e-01
8.172704189127347751e-01
8.179605977382687909e-01
8.186451703321069306e-01
8.192955901829396259e-01
8.199570879317278349e-01
8.206119003491568753e-01
8.212212258790797526e-01
8.218796947492823524e-01
8.225076782697906541e-01
8.231558646663006407e-01
8.238234225171576774e-01
8.244620598721141835e-01
8.251356069722898257e-01
8.258060134812686970e-01
8.264063923027992198e-01
8.270471408640577282e-01
8.277130455498729056e-01
8.283595434156925119e-01
8.289778755382046782e-01
8.296136412607643118e-01
8.302521873131236685e-01
8.308514993920604885e-01
8.314844169783179861e-01
8.320905721307525482e-01
8.326944627502292917e-01
8.332936448188459355e-01
8.338986078552672598e-01
8.345208416727093459e-01
8.351550745894651406e-01
8.357827242464515027e-01
8.363936954226811604e-01
8.369993430688469349e-01
8.375970107341187409e-01
8.381923042660356371e-01
8.387644630851581740e-01
8.393884987438690048e-01
8.399680276913678023e-01
8.405781974250290389e-01
8.411927194380213191e-01
8.417655734705139503e-01
8.423420009140109022e-01
8.429516237794980604e-01
8.435420816932902577e-01
8.441386985447901781e-01
8.447097684380169280e-01
8.452742673438568000e-01
8.458421136970897258e-01
8.464523130461696354e-01
8.470314950033247525e-01
8.476179047991856397e-01
8.481949550139509242e-01
8.487485216356774886e-01
8.493045924955856529e-01
8.498704332508242310e-01
8.504489307894547157e-01
8.510122239967017332e-01
8.515822066773603982e-01
8.521501117345793297e-01
8.526975472126273603e-01
8.532897925540472439e-01
8.538418600169895845e-01
8.544064802699977701e-01
8.550002571997317169e-01
8.555314914683628258e-01
8.560940226403510600e-01
8.566164667543127997e-01
8.571589350079856784e-01
8.577031474993990212e-01
8.582506437058574633e-01
8.587994636205055210e-01
8.593175187365826861e-01
8.598793059318532439e-01
8.603876905026770494e-01
8.609439623445220846e-01
8.614870307192021848e-01
8.620410586478740589e-01
8.625547436176689287e-01
8.630996492576464840e-01
8.636343722873093265e-01
8.641663881714253259e-01
8.646997465146228912e-01
8.652367924343150607e-01
8.657617364206507959e-01
8.663067597035826184e-01
8.668349544162924358e-01
8.673530753958165196e-01
8.678799196389473947e-01
8.684184857699530635e-01
8.689440725463747350e-01
8.694449721176809032e-01
8.699901161607205280e-01
8.705107892876574605e-01
8.710358747947301028e-01
8.715723992863628755e-01
8.720665735956912856e-01
8.725643124147857144e-01
8.731099535146101820e-01
8.736156516306945452e-01
8.741169198725414757e-01
8.746329709000076891e-01
8.751389260489189637e-01
8.756729345626028671e-01
8.761909361223282344e-01
8.767045508520875385e-01
8.772119580856160281e-01
8.777329163757550123e-01
8.782422683378434680e-01
8.787286283384728724e-01
8.792748814245272548e-01
8.797692509500260050e-01
8.802552813759421113e-01
8.807429778421148603e-01
8.812195047002825410e-01
8.817384498025677697e-01
8.822355536270465315e-01
8.827395300446926329e-01
8.832533712866565967e-01
8.837702790843794398e-01
8.842755438216375330e-01
8.848191599759673842e-01
8.853266917523370250e-01
8.858375842625377805e-01
8.863131147277290012e-01
8.867937139835985194e-01
8.872600729871765735e-01
8.877221443353661146e-01
8.881938507561853990e-01
8.886883583916060925e-01
8.891850857955696519e-01
8.896410737097885102e-01
8.901434517240439659e-01
8.906571756409404905e-01
8.911200944605333074e-01
8.916240016950448544e-01
8.920955513452170083e-01
8.926072784170495655e-01
8.931027451181889898e-01
8.935663491325193108e-01
8.940390909824430521e-01
8.945033174488358219e-01
8.949552905285695914e-01
8.954284370887301003e-01
8.958892840231158505e-01
8.963712290610647004e-01
8.968396365320776553e-01
8.973106222469277027e-01
8.978005330200784506e-01
8.982725969579126168e-01
8.987594600557325952e-01
8.992494614176628209e-01
8.997143441157468002e-01
9.002009781033717406e-01
9.006912226761319973e-01
9.011482147192759751e-01
9.016275274820615415e-01
9.021130428202346341e-01
9.026122654315829053e-01
9.031099853158690571e-01
9.035664075932882122e-01
9.040470143661829550e-01
9.045228029260629077e-01
9.049938880260635088e-01
9.054472800407890043e-01
9.059230024644656654e-01
9.063644784840466651e-01
9.068102053302914412e-01
9.072568876719042663e-01
9.077041915275960715e-01
9.081768213293117675e-01
9.086256077158535449e-01
9.090808668962553352e-01
9.095535014464001256e-01
9.100161292388916356e-01
9.104820489080375223e-01
9.109354443035289073e-01
9.113819164821446162e-01
9.118313227755269201e-01
9.122754832560290295e-01
9.127325788013405106e-01
9.131982863665094596e-01
9.136829931928884818e-01
9.141644022254626911e-01
9.146098890993148434e-01
9.150659662778132253e-01
9.155308306532293772e-01
9.160034779491844636e-01
9.164496846735837865e-01
9.169239378757765291e-01
9.173549237413487489e-01
9.178129120401733454e-01
9.182626645309682756e-01
9.187155611168621450e-01
9.191392715120801915e-01
9.196067441230216799e-01
9.200473527604635660e-01
9.205112625947095006e-01
9.209587080099636003e-01
9.213919363221421133e-01
9.218198057501868492e-01
9.222803631306684125e-01
9.227224682331504058e-01
9.231639391637345149e-01
9.236053903758217887e-01
9.240757380979223168e-01
9.245213015395761236e-01
9.249529841665508068e-01
9.253889059469126988e-01
9.258488149170912562e-01
9.263115954547025410e-01
9.267444098925052831e-01
9.271921571724991429e-01
9.276332962968273366e-01
9.280981154128619126e-01
9.285624973932303794e-01
9.290060096678323109e-01
9.294675663690844525e-01
9.299339248721124607e-01
9.303793619424440831e-01
9.308368192271549990e-01
9.312805727495117036e-01
9.317233401379549917e-01
9.321825933610613513e-01
9.326148475723814446e-01
9.330622472393390598e-01
9.334994966651960491e-01
9.339294801319679706e-01
9.343556472487754005e-01
9.348101401949323597e-01
9.352554304886536718e-01
9.357089359015640095e-01
9.361804866351403076e-01
9.366126455864365319e-01
9.370387385953883319e-01
9.374957330687225809e-01
9.379121687774042426e-01
9.383560437242122187e-01
9.387970687533958580e-01
9.392346990076370084e-01
9.396692816042014895e-01
9.400950181884563106e-01
9.405473543489616395e-01
9.409919797832565491e-01
9.414527516873739676e-01
9.418974190173923233e-01
9.423467851454925270e-01
9.427821660863231479e-01
9.432419338076774018e-01
9.436909338636992883e-01
9.441107278198184183e-01
9.445618518192057111e-01
9.450072910299269768e-01
9.454405575540028028e-01
9.458773665114902363e-01
9.463306673923553847e-01
9.467564135318594642e-01
9.471805551392852296e-01
9.476163928737663111e-01
9.480310798918391013e-01
9.484798607926419045e-01
9.489283991917240035e-01
9.493442085755789961e-01
9.497731400896731735e-01
9.501959097676726529e-01
9.506357890317929105e-01
9.510515575738610616e-01
9.514853845462905024e-01
9.519159914695560776e-01
9.523371244864534679e-01
9.527662315593432574e-01
9.531633626679176796e-01
9.535999546584172926e-01
9.540312037229187192e-01
9.544718776974614460e-01
9.549035325617766246e-01
9.553573261743125711e-01
9.558079754570211195e-01
9.562348784626065745e-01
9.566549758256018832e-01
9.570949912537148885e-01
9.575175450704261904e-01
9.579537501357675566e-01
9.584040500423254283e-01
9.588312672215167920e-01
9.592814474489244070e-01
9.597316307599641494e-01
9.601821407924397977e-01
9.606334893416208498e-01
9.610722944546097324e-01
9.615084158453074403e-01
9.619369349116440038e-01
9.623617887440888419e-01
9.627809074552978741e-01
9.632084523372160811e-01
9.636361405952907910e-01
9.640750744810729911e-01
9.645095533368771568e-01
9.649422667213531923e-01
9.653683078531033468e-01
9.658159772750225525e-01
9.662505168228403551e-01
9.666774174651278084e-01
9.671100164142898414e-01
9.675428421378470256e-01
9.679660652186856673e-01
9.683885320185287027e-01
9.688066138954096740e-01
9.692348646622812591e-01
9.696573604101814681e-01
9.700966146556369019e-01
9.705296863175677524e-01
9.709524720283524424e-01
9.713815215043554163e-01
9.718402655986979610e-01
9.722894193218637460e-01
9.727130146761578944e-01
9.731524268913369635e-01
9.735842988608871540e-01
9.740373636364132448e-01
9.744495244378347243e-01
9.749116385053574474e-01
9.753595629607979545e-01
9.757752019224050777e-01
9.762076551217069298e-01
9.766493418746753363e-01
9.770662723764864666e-01
9.774976249396521988e-01
9.779262838280144976e-01
9.783724459666525153e-01
9.788175323163614827e-01
9.792308667456173232e-01
9.796714074211571033e-01
9.801030299800242984e-01
9.805278653963329649e-01
9.809569060591997181e-01
9.813856245212041474e-01
9.818205958970676051e-01
9.822354365007894827e-01
9.826785199210713584e-01
9.831132400069056976e-01
9.835418490721826723e-01
9.839769180185164998e-01
9.844221669865118596e-01
9.848484804063503129e-01
9.852733429061578674e-01
9.857136951013246717e-01
9.861392023581065924e-01
9.865916876998320761e-01
9.870373759715548312e-01
9.874682670849100896e-01
9.878993150660142497e-01
9.883354074177851389e-01
9.887595824045894988e-01
9.892002018842739330e-01
9.896601713760287966e-01
9.900836172239751987e-01
9.905071990856332276e-01
9.909557673096880404e-01
9.913930057856736866e-01
9.918410560585572133e-01
9.922615752624499574e-01
9.927097583091446520e-01
9.931350262002873741e-01
9.935742513355997341e-01
9.939892424110509106e-01
9.944364707381878610e-01
9.948851016141372350e-01
9.953169523934182195e-01
9.957565535918420085e-01
9.961743322836091874e-01
9.965951241445997200e-01
9.970261993429216929e-01
9.974517822204691520e-01
9.978827715113046670e-01
9.983136343354422904e-01
9.987450671551262316e-01
9.992039247897824827e-01
9.996489554871598182e-01
1.000071212628243611e+00
1.000501101044821928e+00
1.000922828628336259e+00
1.001346155623351608e+00
1.001784568569503042e+00
1.002236229753356467e+00
1.002683124961086802e+00
1.003125807824737592e+00
1.003547523809744213e+00
1.004001965248487060e+00
1.004432517986789231e+00
1.004876797294465218e+00
1.005338128508027840e+00
1.005769271971516110e+00
1.006212434199001748e+00
1.006650819031299937e+00
1.007078868032683650e+00
1.007509260079751057e+00
1.007956753090851532e+00
1.008392639423988157e+00
1.008827708806330881e+00
1.009261723061279481e+00
1.009710126036226008e+00
1.010148566769728085e+00
1.010581569272255287e+00
1.011036190254238187e+00
1.011474597918241347e+00
1.011906022868893418e+00
1.012344216135599995e+00
1.012805429297252369e+00
1.013244797572548261e+00
1.013681505474159028e+00
1.014148711684934145e+00
1.014617691851257719e+00
1.015044662834068356e+00
1.015480440579999977e+00
1.015932213449525667e+00
1.016397093351297132e+00
1.016857325127353384e+00
1.017299676261103958e+00
1.017764987744087302e+00
1.018208831640693424e+00
1.018648810697164064e+00
1.019074922762332136e+00
1.019526605112081707e+00
1.019982472390067896e+00
1.020424252768060924e+00
1.020859544244439032e+00
1.021293965006455196e+00
1.021754625058266974e+00
1.022196065587566816e+00
1.022644443976796325e+00
1.023107559471645667e+00
1.023559851344900462e+00
1.024015342395867556e+00
1.024439473671913126e+00
1.024892854751044080e+00
1.025361344874611280e+00
1.025807317797044815e+00
1.026267039132263692e+00
1.026725640622608626e+00
1.027182125927354139e+00
1.027626528292398200e+00
1.028084530069812264e+00
1.028535162576890594e+00
1.028988467925047834e+00
1.029438434400838709e+00
1.029899770040130225e+00
1.030366961680017290e+00
1.030829612061201273e+00
1.031276643229504852e+00
1.031739358485868729e+00
1.032207707608482128e+00
1.032634592574681376e+00
1.033107545040393482e+00
1.033550487934269180e+00
1.034006975963891906e+00
1.034457955608868218e+00
1.034889548941662074e+00
1.035335606726739632e+00
1.035803334159586031e+00
1.036246326258989381e+00
1.036717571841627716e+00
1.037180598558515188e+00
1.037656494382805716e+00
1.038106051339615199e+00
1.038567329173732512e+00
1.039026302046713202e+00
1.039480632235391999e+00
1.039974915777123421e+00
1.040438623322169187e+00
1.040932179376234279e+00
1.041400740964630645e+00
1.041872960598543063e+00
1.042338574266906681e+00
1.042825644519013384e+00
1.043302729792118244e+00
1.043752366001470255e+00
1.044220214425296112e+00
1.044663724174191177e+00
1.045111966778676349e+00
1.045597686936287740e+00
1.046072851668196746e+00
1.046570928494297670e+00
1.047039521079269564e+00
1.047517151691794046e+00
1.047999484437739159e+00
1.048476390763771526e+00
1.048963816177673314e+00
1.049445560516118814e+00
1.049903585024575703e+00
1.050399064344412992e+00
1.050860150064871101e+00
1.051338092813120406e+00
1.051806131562972979e+00
1.052289839442166253e+00
1.052774481821907138e+00
1.053278920102672878e+00
1.053765042383935313e+00
1.054240068740373237e+00
1.054730536137144403e+00
1.055217775154887683e+00
1.055680927655822998e+00
1.056178707765033087e+00
1.056682666669317650e+00
1.057170845434898032e+00
1.057654444072738453e+00
1.058137270079450687e+00
1.058611273298763811e+00
1.059096886946410576e+00
1.059604195636437929e+00
1.060088499023656539e+00
1.060588491638712938e+00
1.061086796279939737e+00
1.061576478079686137e+00
1.062051971538022999e+00
1.062561229584169542e+00
1.063062692235292372e+00
1.063551526502963140e+00
1.064034313596492920e+00
1.064502384637328491e+00
1.065006281869375959e+00
1.065512728422915556e+00
1.066033441404426574e+00
1.066522136160001688e+00
1.067012315862912342e+00
1.067490771969499930e+00
1.067973354378994433e+00
1.068489237249733659e+00
1.068978239850293388e+00
1.069487567595497568e+00
1.069998636535541836e+00
1.070515464776878201e+00
1.071018988330823207e+00
1.071502011196463711e+00
1.072025352476988047e+00
1.072515895323053359e+00
1.073055047392020178e+00
1.073551283796891909e+00
1.074054402045640844e+00
1.074521205532634305e+00
1.075009692993885491e+00
1.075514025121799166e+00
1.076024017921370035e+00
1.076513382664516794e+00
1.077014858308264600e+00
1.077510293094038119e+00
1.078039895206153398e+00
1.078562083143714823e+00
1.079079010735354727e+00
1.079586709435543135e+00
1.080093819136739741e+00
1.080619804996278965e+00
1.081135055867916916e+00
1.081653362070692515e+00
1.082153424977850831e+00
1.082705704752236819e+00
1.083234451680312516e+00
1.083790573600683649e+00
1.084315767585545931e+00
1.084879798223196579e+00
1.085415824791923667e+00
1.085952205220680478e+00
1.086487435750607800e+00
1.087032379943218885e+00
1.087543733874767549e+00
1.088074854346822384e+00
1.088613976596352284e+00
1.089182245880736088e+00
1.089718534957997864e+00
1.090261048717831471e+00
1.090804071482999182e+00
1.091332883158207645e+00
1.091866083344969152e+00
1.092401474095068048e+00
1.092931602562298377e+00
1.093489679645465840e+00
1.094042478146092678e+00
1.094600160458538474e+00
1.095126216027808796e+00
1.095671972387324944e+00
1.096218564457254407e+00
1.096776719752974527e+00
1.097328244985067869e+00
1.097892293505371208e+00
1.098455765048243826e+00
1.099026310097711123e+00
1.099602545911201323e+00
1.100165082251728155e+00
1.100725589506444280e+00
1.101278521094374074e+00
1.101903049412790825e+00
1.102452747650741305e+00
1.103037012083675661e+00
1.103609474584706707e+00
1.104178121630158049e+00
1.104738464390959685e+00
1.105318143785714469e+00
1.105876719840368061e+00
1.106463424694454467e+00
1.107043591636657442e+00
1.107620580814183464e+00
1.108215135139413610e+00
1.108786040878129819e+00
1.109387419153471832e+00
1.109983597269234679e+00
1.110553550623579744e+00
1.111128862437968490e+00
1.111719711355491969e+00
1.112302585764257001e+00
1.112872814621255424e+00
1.113484403725277794e+00
1.114062468413579365e+00
1.114637410237764970e+00
1.115236430877605489e+00
1.115829347145221195e+00
1.116421328751118436e+00
1.117012350470317106e+00
1.117608664268434637e+00
1.118239195220773308e+00
1.118855781664727100e+00
1.119459238186561789e+00
1.120095964342615158e+00
1.120709320095064854e+00
1.121326165967219124e+00
1.121920577694256238e+00
1.122555891271913131e+00
1.123188081483889711e+00
1.123802527773496651e+00
1.124449502370477472e+00
1.125059790152165284e+00
1.125663378804781845e+00
1.126293627263457164e+00
1.126887361168458002e+00
1.127548355304916150e+00
1.128125137373748199e+00
1.128754690728406285e+00
1.129388616317194671e+00
1.129998512515290487e+00
1.130623202629857271e+00
1.131247546001704407e+00
1.131884088618290374e+00
1.132492443310060493e+00
1.133153177804769873e+00
1.133806752086127467e+00
1.134468181340899662e+00
1.135081488406962436e+00
1.135744892570864639e+00
1.136423868826184735e+00
1.137076022968250610e+00
1.137702903460208637e+00
1.138365648370927907e+00
1.139004937696525888e+00
1.139643240548145586e+00
1.140340599421767465e+00
1.140966326049949409e+00
1.141655359117215163e+00
1.142345093867122907e+00
1.143016355529067773e+00
1.143680738499383454e+00
1.144367320936782395e+00
1.145045726530390384e+00
1.145747453627726786e+00
1.146451408037246100e+00
1.147155898072741431e+00
1.147797920870731181e+00
1.148516624969392996e+00
1.149217691366643423e+00
1.149898083667954651e+00
1.150639748219604908e+00
1.151335662091348189e+00
1.152045763626180497e+00
1.152737474333209500e+00
1.153466914238515217e+00
1.154185731008335658e+00
1.154866782723207530e+00
1.155598125550283406e+00
1.156301046454828008e+00
1.156989154480785764e+00
1.157735566637662084e+00
1.158427886498631265e+00
1.159133486340942154e+00
1.159840853604800603e+00
1.160558234952260293e+00
1.161317013515909657e+00
1.162069009851524060e+00
1.162798124709929937e+00
1.163575228223483915e+00
1.164322651611493065e+00
1.165067829100164820e+00
1.165850868402078522e+00
1.166569134937849750e+00
1.167320211187052204e+00
1.168110421258891529e+00
1.168917849350766147e+00
1.169721321937581937e+00
1.170499169935472317e+00
1.171302379971163710e+00
1.172112160755043542e+00
1.172889631086890594e+00
1.173672645717420249e+00
1.174542992815145848e+00
1.175357717040351080e+00
1.176142932640663830e+00
1.176955639936339004e+00
1.177779971301561091e+00
1.178549771452495509e+00
1.179405293084871742e+00
1.180202797727009090e+00
1.181043742948490349e+00
1.181859853539857230e+00
1.182736756901259456e+00
1.183586545188113348e+00
1.184429593175362116e+00
1.185305838147028057e+00
1.186161450222994018e+00
1.187013408645707147e+00
1.187880433616576692e+00
1.188778647621872242e+00
1.189628077319190735e+00
1.190486614635886342e+00
1.191358734178349144e+00
1.192213016244862755e+00
1.193070250344519856e+00
1.193966836782407892e+00
1.194874795411797752e+00
1.195705678176683717e+00
1.196601420432817697e+00
1.197506456282970921e+00
1.198427000609890269e+00
1.199363875697844195e+00
1.200289131222597616e+00
1.201277018642574523e+00
1.202208056241718115e+00
1.203197641129457374e+00
1.204169983074389494e+00
1.205116860982136551e+00
1.206035881104447816e+00
1.207000832326029283e+00
1.208001388852994129e+00
1.208941318897851280e+00
1.209935009364223601e+00
1.210904499540139678e+00
1.211909117620165066e+00
1.212870856127747476e+00
1.213919125889601824e+00
1.214913340418918741e+00
1.215945880291217307e+00
1.216973564671991692e+00
1.218003717215151438e+00
1.219084605685797351e+00
1.220163889324202611e+00
1.221210834176085669e+00
1.222258926433849480e+00
1.223317334589441474e+00
1.224465172701318050e+00
1.225583934914074469e+00
1.226691451746869665e+00
1.227799842657800733e+00
1.228928628788729549e+00
1.230044512234911069e+00
1.231123055319932602e+00
1.232195969139026293e+00
1.233386069810386454e+00
1.234552787987429401e+00
1.235765340164864723e+00
1.236899843801096743e+00
1.238061564722082730e+00
1.239283930629098140e+00
1.240519982545936539e+00
1.241686307186808502e+00
1.242929921989072151e+00
1.244168398948215737e+00
1.245453044555602240e+00
1.246654080641613982e+00
1.247959807027956058e+00
1.249246181963007629e+00
1.250597436241327909e+00
1.251902838085263925e+00
1.253200418214126755e+00
1.254516991487782951e+00
1.255791336912145395e+00
1.257143541778131368e+00
1.258540094304350987e+00
1.259919856384205783e+00
1.261377528873526499e+00
1.262846645786731781e+00
1.264273890127323385e+00
1.265795060893366131e+00
1.267290530360920542e+00
1.268808159817369052e+00
1.270395084274051234e+00
1.271985748677982420e+00
1.273557424200365551e+00
1.275112000550472358e+00
1.276773020416422932e+00
1.278389208127429955e+00
1.280028099058229563e+00
1.281663941997363665e+00
1.283315470572576222e+00
1.285112731429999267e+00
1.286851452303197307e+00
1.288599499638450219e+00
1.290403214034432366e+00
1.292263339087527996e+00
1.294166930377619984e+00
1.296116429555957295e+00
1.297933653328421144e+00
1.299892944764132974e+00
1.301926613379076114e+00
1.303965541225788227e+00
1.306053240926192904e+00
1.308051475548188458e+00
1.310052942227645900e+00
1.312131064967697824e+00
1.314406867733760143e+00
1.316612989849939686e+00
1.318959949390006825e+00
1.321315006120692415e+00
1.323776044696387322e+00
1.326186985817433328e+00
1.328701976644740768e+00
1.331315999912945136e+00
1.334000843903185407e+00
1.336690590628757169e+00
1.339420127592455767e+00
1.342203166338202580e+00
1.345006769498955146e+00
1.347985735509422245e+00
1.350924494302223389e+00
1.354157440034875037e+00
1.357314387517490895e+00
1.360800445412758242e+00
1.364213356307502512e+00
1.367871025646105743e+00
1.371472972881558228e+00
1.375345104425207632e+00
1.379446012268581656e+00
1.383640595232155768e+00
1.387998205693330656e+00
1.392683046135121838e+00
1.397474043451105263e+00
1.402659708768214886e+00
1.407850778745745490e+00
1.413289303443718392e+00
1.419335778172567508e+00
1.425627857354004879e+00
1.432361226464150095e+00
1.439593941076243278e+00
1.447411705514332958e+00
1.456437802639913182e+00
1.466267755588321897e+00
1.477261845415026587e+00
1.489568333344028161e+00
1.504586698713567872e+00
1.523476918790872103e+00
1.547425930703950403e+00
1.582433357116204142e+00
1.647199746605316095e+00
