5.304158429669227903e-01
5.630810940658980135e-01
5.809831632670999779e-01
5.937263915556499905e-01
6.043512084692970188e-01
6.127235546755277484e-01
6.199311095398886140e-01
6.261232681729177463e-01
6.317062265764741280e-01
6.368721179520855369e-01
6.417600367631297598e-01
6.464593614816291911e-01
6.503856378880543687e-01
6.541133216717579524e-01
6.575844752572079788e-01
6.610454303634916151e-01
6.643002659178803837e-01
6.674687802534337022e-01
6.703835873130005174e-01
6.733779332334860479e-01
6.761085053188456984e-01
6.788593975281113080e-01
6.814347634585590230e-01
6.839789304011788529e-01
6.863257534827666984e-01
6.885120374718984859e-01
6.907538771888060980e-01
6.928846172047988805e-01
6.950555243227468649e-01
6.972059276768298730e-01
6.991836682635410583e-01
7.011321202674182240e-01
7.029374501725939028e-01
7.048644845947523718e-01
7.067393031379853863e-01
7.085543863745130677e-01
7.103413438118472145e-01
7.120515201216374157e-01
7.136769293668567826e-01
7.153666631375356078e-01
7.169271645330864695e-01
7.185091142742986436e-01
7.201585320090231335e-01
7.216951263589960197e-01
7.232559942040169831e-01
7.247497758414763736e-01
7.261548600852207880e-01
7.276441666526438645e-01
7.289864205797824681e-01
7.304402619384197104e-01
7.318564233768583005e-01
7.331601914032404022e-01
7.345021326355820612e-01
7.358105358423555620e-01
7.371243139377352538e-01
7.384634740769719929e-01
7.397292261318354489e-01
7.409356958929732562e-01
7.421712488987572964e-01
7.433972909767319059e-01
7.445726312844601624e-01
7.457695509664304945e-01
7.469418765381728997e-01
7.480902525629307132e-01
7.492439359891800432e-01
7.503651523241197108e-01
7.514870528770014602e-01
7.525790869950126361e-01
7.536718612243548110e-01
7.548135534810501701e-01
7.558493555281666776e-01
7.569436253925598823e-01
7.579138157861146086e-01
7.589743240651548595e-01
7.599897844046220596e-01
7.610309049121589675e-01
7.620890030987222952e-01
7.630660670687111624e-01
7.641110594745522677e-01
7.651071232846886616e-01
7.661040819583773143e-01
7.670478768434708661e-01
7.680228663413654067e-01
7.689827293581070755e-01
7.698844184157959125e-01
7.707937259829127363e-01
7.717144950267329495e-01
7.726227769578429827e-01
7.735746161036698432e-01
7.744992279535934943e-01
7.754087829688106615e-01
7.763763656641096134e-01
7.772892114094835936e-01
7.781967267311421521e-01
7.790643287030576403e-01
7.799747592372161531e-01
7.808127839861501718e-01
7.816499032293527938e-01
7.824992527301259937e-01
7.833366922279560995e-01
7.842064521909362096e-01
7.850231334224032631e-01
7.858382857868754234e-01
7.866733881755111346e-01
7.874843784777398881e-01
7.883460109351311251e-01
7.891590265133425763e-01
7.899610221554345113e-01
7.907709854616932210e-01
7.916250297709600536e-01
7.923956369319962167e-01
7.931945589725917234e-01
7.939906487875134644e-01
7.947883137850334512e-01
7.955477581829581979e-01
7.963184596884214095e-01
7.971189471632483814e-01
7.978908308334912158e-01
7.986626436812881424e-01
7.994676768109395537e-01
8.002522450838923662e-01
8.010139710769113019e-01
8.017388180507213358e-01
8.024930185417751272e-01
8.032603964393686402e-01
8.039893180811530371e-01
8.047105552470043000e-01
8.054972699401592440e-01
8.062339880443361029e-01
8.069215424083800992e-01
8.076021128624464307e-01
8.083498205367456446e-01
8.091024977085082837e-01
8.098172232581555274e-01
8.105272522976640914e-01
8.112223077759183054e-01
8.119474004996212191e-01
8.126583245835599101e-01
8.133620713893147114e-01
8.140930343840541150e-01
8.147557106539087268e-01
8.154340404955223720e-01
8.160981993931972767e-01
8.167807840692730137e-01
8.174538728085386508e-01
8.181208873904793899e-01
8.188300823050387311e-01
8.195113202399068042e-01
8.202073095315689510e-01
8.208516387769734246e-01
8.215180719188025504e-01
8.221637886894749281e-01
8.227978529704300659e-01
8.234543422231056509e-01
8.240722571711315281e-01
8.246990470395100248e-01
8.253413832918133908e-01
8.260063520832463535e-01
8.266398972956003899e-01
8.272899159457974827e-01
8.279294014693076020e-01
8.286041982336533884e-01
8.292160185557793106e-01
8.298234623152123124e-01
8.304162888098115536e-01
8.310471368156128191e-01
8.316825447208161526e-01
8.322841862507515120e-01
8.329193246930297612e-01
8.335234415931902507e-01
8.341488103763963213e-01
8.347432799948384385e-01
8.353448647530253846e-01
8.359273426623882175e-01
8.365142457173858626e-01
8.371125387642281979e-01
8.377261366893937744e-01
8.382833113121611612e-01
8.388699413161716523e-01
8.394930391009084447e-01
8.400682974298614436e-01
8.406565566145128843e-01
8.412773794208346922e-01
8.418640326590686174e-01
8.424723449057562874e-01
8.430561690020748067e-01
8.436342927821159909e-01
8.442113045252155334e-01
8.447627787061504634e-01
8.453230070974075971e-01
8.459113028087718034e-01
8.465006767278676625e-01
8.470627891456435909e-01
8.476479078639737041e-01
8.482052121132809264e-01
8.488080873248433633e-01
8.493687291733986733e-01
8.498977991342371308e-01
8.504453239734380832e-01
8.510222105591974673e-01
8.515767334850801173e-01
8.521579118996011060e-01
8.527462391291364963e-01
8.532874706609997473e-01
8.538506350440626669e-01
8.543742265865159613e-01
8.549206337684902568e-01
8.554842257137077466e-01
8.560253940917281756e-01
8.565863913022636611e-01
8.571203005727702218e-01
8.576891612046358970e-01
8.582256772245845378e-01
8.587337845945982595e-01
8.592730625665884192e-01
8.598317625757108118e-01
8.603596653491166757e-01
8.608729053611805515e-01
8.614234432092447991e-01
8.619928399475329517e-01
8.625189675933575550e-01
8.630528801924770566e-01
8.636090748818820995e-01
8.641341576849910222e-01
8.646593151233538110e-01
8.652083935596343034e-01
8.657442015784545530e-01
8.662531531711882282e-01
8.667888813320951957e-01
8.673071960413080150e-01
8.678291821904422498e-01
8.683305578438150762e-01
8.688390388004252340e-01
8.693684537741851459e-01
8.698723782909066893e-01
8.704164173720863040e-01
8.709601080337352474e-01
8.714767784408702367e-01
8.720040471468317733e-01
8.725249988184259342e-01
8.730443331480571834e-01
8.735432311486599488e-01
8.740574221806504118e-01
8.745406733307270475e-01
8.750403175102474673e-01
8.755680154524788650e-01
8.760910023020805903e-01
8.765980673791221589e-01
8.771406662402951859e-01
8.776612441922809760e-01
8.781829813901710358e-01
8.787085644613700230e-01
8.791961104866122811e-01
8.797020377919367862e-01
8.802272625909350889e-01
8.807427787188780721e-01
8.812335810865029595e-01
8.817385170457667787e-01
8.822285708008045235e-01
8.827096185825381580e-01
8.832219487854708895e-01
8.837151422070946838e-01
8.842421756907282715e-01
8.847461356488935946e-01
8.852639820847588714e-01
8.857747258554639069e-01
8.862722368863078515e-01
8.867679159302447323e-01
8.872713880662194130e-01
8.877068439213492423e-01
8.881970081063368383e-01
8.886991893566620337e-01
8.891782617420590507e-01
8.896759272464680457e-01
8.901705759906107795e-01
8.906362870817423616e-01
8.911127180163521677e-01
8.916008169765741176e-01
8.920983204309477221e-01
8.926004182130891085e-01
8.930881214102676102e-01
8.935396085773789077e-01
8.940090102886839585e-01
8.944971154676820690e-01
8.949702296700974280e-01
8.954494336494859263e-01
8.959362216071570240e-01
8.964104463574485981e-01
8.968661497837756569e-01
8.973327572053478862e-01
8.978231091191098967e-01
8.982807440146211020e-01
8.987776122328066108e-01
8.992607925704821925e-01
8.997387687777297360e-01
9.002292512261332869e-01
9.007029912065573907e-01
9.011786642055514829e-01
9.016658420718370870e-01
9.021457172903769584e-01
9.026143680391522928e-01
9.030921471180367588e-01
9.035418190155133367e-01
9.040102876062671156e-01
9.044941136720556774e-01
9.049387209109035490e-01
9.054144349010015969e-01
9.058936613698979068e-01
9.063829115506860656e-01
9.068301367226406784e-01
9.072900080876842299e-01
9.077552999880903473e-01
9.082167771657364552e-01
9.086904760728766739e-01
9.091403321151999561e-01
9.096052333699937709e-01
9.100623968060730373e-01
9.105435398342970332e-01
9.110130653699988201e-01
9.114883798094969292e-01
9.119477338571571057e-01
9.123993086059740687e-01
9.128510357399897135e-01
9.133154244830008484e-01
9.137842589083413625e-01
9.142422982433233702e-01
9.146749456134577461e-01
9.151177373680521310e-01
9.155818156532060659e-01
9.160268325243012821e-01
9.164837137540956524e-01
9.169306587760146510e-01
9.173758443728756706e-01
9.178227610661180425e-01
9.182653464367516172e-01
9.187047721100567443e-01
9.191719623759844193e-01
9.196294654913936828e-01
9.200785204539222439e-01
9.205369156766772809e-01
9.210244029937957322e-01
9.214880886992213860e-01
9.219302344744151334e-01
9.223691802050184574e-01
9.228345747346292649e-01
9.232870508973188839e-01
9.237434855041763981e-01
9.241931157256266793e-01
9.246596758633988111e-01
9.251200294430297344e-01
9.255908835434526472e-01
9.260296066207267529e-01
9.264518530203725843e-01
9.269041516683071968e-01
9.273560214543441482e-01
9.277865633107768017e-01
9.282305043149956525e-01
9.286952187537054204e-01
9.291538286358220766e-01
9.296036023675910975e-01
9.300306733114953595e-01
9.304635574784895224e-01
9.309048977675712377e-01
9.313720673936908279e-01
9.318449443854548431e-01
9.322864782360104074e-01
9.327264972755059391e-01
9.331913980954115173e-01
9.336327955262376799e-01
9.341085786503794397e-01
9.345318290524924354e-01
9.349748715041767966e-01
9.354262828603926438e-01
9.358633209253577334e-01
9.363163940128846896e-01
9.367474041302296106e-01
9.371808683972178144e-01
9.376185993699124310e-01
9.380583434998234216e-01
9.384843793789779953e-01
9.389132423376450598e-01
9.393462571195582145e-01
9.397823311291912951e-01
9.402239922382137349e-01
9.406622546453320410e-01
9.410952721925217590e-01
9.415055805143197620e-01
9.419614930791232466e-01
9.423992525045332691e-01
9.428240814834282224e-01
9.432691473606321653e-01
9.436928505830198821e-01
9.441245671367856085e-01
9.445728205390739873e-01
9.450229801908613947e-01
9.454715801027065991e-01
9.459287539866100269e-01
9.463487326055415316e-01
9.467879391160324287e-01
9.472234795401609508e-01
9.476545099096616021e-01
9.480963600052821905e-01
9.485530443207587092e-01
9.489721187438902028e-01
9.494146366012171656e-01
9.498436357331623281e-01
9.502894941058592782e-01
9.507486478333607716e-01
9.511733799948954848e-01
9.516057207094121839e-01
9.520445630263627557e-01
9.524623343530923547e-01
9.528839394899121240e-01
9.533031372046354424e-01
9.537344446132122178e-01
9.541831264190402395e-01
9.546135157512389835e-01
9.550784351516650172e-01
9.555033989306074282e-01
9.559277159544030678e-01
9.563633449712395374e-01
9.567737733773127307e-01
9.571985552339341563e-01
9.576366291319108326e-01
9.580919461891790334e-01
9.585120097146533347e-01
9.589517339309124866e-01
9.594055705198395456e-01
9.598366397015952733e-01
9.602503754401270353e-01
9.606782203891603977e-01
9.611022999920100229e-01
9.615280153843214217e-01
9.619502244582213146e-01
9.623862288556069844e-01
9.628310626392599936e-01
9.632836558278485839e-01
9.637211539852199582e-01
9.641491676866679184e-01
9.645722521362413149e-01
9.650177446685260785e-01
9.654401727500212527e-01
9.658661510303812037e-01
9.662968180442280675e-01
9.667535170042791393e-01
9.671669550591622810e-01
9.675957635593913642e-01
9.680307682673372494e-01
9.684823126758516088e-01
9.689350407502711482e-01
9.693666079437230909e-01
9.697917253412472460e-01
9.702229454545850951e-01
9.706984082571138428e-01
9.711289621896366242e-01
9.715491787984199545e-01
9.719603880913212368e-01
9.723771954930767736e-01
9.728036083427019642e-01
9.732183828563875094e-01
9.736708015388054749e-01
9.741223737959396889e-01
9.745711450875617077e-01
9.749976566350458951e-01
9.754636711395350268e-01
9.758906618524298970e-01
9.763536117196194297e-01
9.767904598428237550e-01
9.772284794809725783e-01
9.776644874024671417e-01
9.781017577213951819e-01
9.785323489735409108e-01
9.789590974111860300e-01
9.793835967688381272e-01
9.798166142555984059e-01
9.802365123282479331e-01
9.806596305434204242e-01
9.811120725453922331e-01
9.815511947647035385e-01
9.819718228247195091e-01
9.823987063884292992e-01
9.828482850601129028e-01
9.833069944134656959e-01
9.837462048584146856e-01
9.841715068107679265e-01
9.846215743436554924e-01
9.850363528357118925e-01
9.854659665179820172e-01
9.858941017522518946e-01
9.863123811595925217e-01
9.867298273366230665e-01
9.871449054458701911e-01
9.875733260401594604e-01
9.880070336789502639e-01
9.884275631221780545e-01
9.888790309434865033e-01
9.893096733070854132e-01
9.897309733972403656e-01
9.901743913373316497e-01
9.906152171409861040e-01
9.910324094832962949e-01
9.914831408968102222e-01
9.918922989700696968e-01
9.923370834117265504e-01
9.927754017787514540e-01
9.931992561426102872e-01
9.936218537249552618e-01
9.940667813591856916e-01
9.944860516996443245e-01
9.949248773135007662e-01
9.953697049250865847e-01
9.958056291570538399e-01
9.962285683291975946e-01
9.966494123381415271e-01
9.971098171306358449e-01
9.975521250520320571e-01
9.979905326236023777e-01
9.984432367112133777e-01
9.988845211142446390e-01
9.993469127404601693e-01
9.997800092717801235e-01
1.000219349605852015e+00
1.000661606055279984e+00
1.001104545758856323e+00
1.001546003655309214e+00
1.001973513838126051e+00
1.002420792577458863e+00
1.002857145611550704e+00
1.003302670898115645e+00
1.003729435745113641e+00
1.004163257112867358e+00
1.004582468612427171e+00
1.005017965443927075e+00
1.005441625687308216e+00
1.005886269919157971e+00
1.006324231493991750e+00
1.006768553711862912e+00
1.007201872563940448e+00
1.007636315292903317e+00
1.008065776640712397e+00
1.008508742433534833e+00
1.008959759921104649e+00
1.009398305894225301e+00
1.009840685876714161e+00
1.010300736693588552e+00
1.010754174551127260e+00
1.011198786667606653e+00
1.011640135894369852e+00
1.012078287038042035e+00
1.012501884940228525e+00
1.012941446883927732e+00
1.013403037469325252e+00
1.013858464222945566e+00
1.014301495808046072e+00
1.014750504990398428e+00
1.015185258879857111e+00
1.015624534545458646e+00
1.016065465291712711e+00
1.016514887614044627e+00
1.016972106112956853e+00
1.017420895924907143e+00
1.017884397793219486e+00
1.018319196376582747e+00
1.018738231069395317e+00
1.019175813956453736e+00
1.019614557644391128e+00
1.020069379847854618e+00
1.020505084425289200e+00
1.020960206586694730e+00
1.021418872831578284e+00
1.021861285351374660e+00
1.022311657447482647e+00
1.022773090441030153e+00
1.023213092156669113e+00
1.023638404057066298e+00
1.024078650182926209e+00
1.024553506198697672e+00
1.024997621400061787e+00
1.025457388774915657e+00
1.025918632557741406e+00
1.026368696574121442e+00
1.026804597967027499e+00
1.027274148991541569e+00
1.027742942798578030e+00
1.028183683717543540e+00
1.028650363267380241e+00
1.029116360537842167e+00
1.029551536632999920e+00
1.029970384632936442e+00
1.030466684829456137e+00
1.030928576915126182e+00
1.031363412526494772e+00
1.031829515060967095e+00
1.032297996967757037e+00
1.032754036371964279e+00
1.033222384170496388e+00
1.033663433071865922e+00
1.034138380369028720e+00
1.034607964203226649e+00
1.035086501253144942e+00
1.035544750270291248e+00
1.036005891724894656e+00
1.036451925357275705e+00
1.036918494852594685e+00
1.037377993807999221e+00
1.037854428750623281e+00
1.038302061260846676e+00
1.038775180763055417e+00
1.039210606663889536e+00
1.039699829984421786e+00
1.040175108565499107e+00
1.040643276014287411e+00
1.041112831393100846e+00
1.041569898883922596e+00
1.042015640902687501e+00
1.042476382596352558e+00
1.042937525856773018e+00
1.043417998305611771e+00
1.043886384259754552e+00
1.044375692098624242e+00
1.044854042847921161e+00
1.045330132871242768e+00
1.045826149585486808e+00
1.046280011618812900e+00
1.046738908130449008e+00
1.047244338309780254e+00
1.047698398660159791e+00
1.048173508016228217e+00
1.048642534239376367e+00
1.049085140392452598e+00
1.049560578757119611e+00
1.050035592564901421e+00
1.050513719415382852e+00
1.050992599731735755e+00
1.051456235152498975e+00
1.051966277625416613e+00
1.052453349344972588e+00
1.052918918924252045e+00
1.053428462787032061e+00
1.053920772279644646e+00
1.054394094834984363e+00
1.054876338807781311e+00
1.055362783393495540e+00
1.055881318903799881e+00
1.056373862087733428e+00
1.056828338438952741e+00
1.057317845121424682e+00
1.057808807948158680e+00
1.058304602573749476e+00
1.058792459270806230e+00
1.059285236964790267e+00
1.059750805454438227e+00
1.060219550606838812e+00
1.060700393772415762e+00
1.061180453277637881e+00
1.061661045470105647e+00
1.062151124238983835e+00
1.062661619887665054e+00
1.063166989285158293e+00
1.063647413879550641e+00
1.064142590133074773e+00
1.064654285938814615e+00
1.065176149100970360e+00
1.065676390638826687e+00
1.066144673089234329e+00
1.066628158103480661e+00
1.067149776376943970e+00
1.067641713385407032e+00
1.068129705845284771e+00
1.068620297072037095e+00
1.069123821322871759e+00
1.069628039175151146e+00
1.070109289257046292e+00
1.070618234748360598e+00
1.071097379334096322e+00
1.071593808065702591e+00
1.072084757778817288e+00
1.072613631112968369e+00
1.073135101232180810e+00
1.073633254235957235e+00
1.074136918477116120e+00
1.074620980286181027e+00
1.075138218384139144e+00
1.075641875289820470e+00
1.076141594412059366e+00
1.076668777939442156e+00
1.077204340349012357e+00
1.077725810103291382e+00
1.078228689494912906e+00
1.078747845929497684e+00
1.079253020924118012e+00
1.079779791573840519e+00
1.080294022854487723e+00
1.080802920826283264e+00
1.081284590452440630e+00
1.081810690619938287e+00
1.082339849056188852e+00
1.082835585710714588e+00
1.083347411669725924e+00
1.083894997760252776e+00
1.084418184119450013e+00
1.084952892697044646e+00
1.085530845322660420e+00
1.086061391458269743e+00
1.086601750844955028e+00
1.087162315044325922e+00
1.087653972884049747e+00
1.088187311289550152e+00
1.088732972036926538e+00
1.089266225886796891e+00
1.089824969076453209e+00
1.090379921360801418e+00
1.090936815133699112e+00
1.091481194288723477e+00
1.092010346796225662e+00
1.092548208362309259e+00
1.093142592959406079e+00
1.093674793771024945e+00
1.094230276133862700e+00
1.094756857409871609e+00
1.095319690875253382e+00
1.095879386781253073e+00
1.096452141381792700e+00
1.096975856215345768e+00
1.097537037668739224e+00
1.098044319592164308e+00
1.098577905594785298e+00
1.099152875454020739e+00
1.099694292309963295e+00
1.100250329005577399e+00
1.100796571434011106e+00
1.101386602648291246e+00
1.101932608691917226e+00
1.102466055195242323e+00
1.103040310236677479e+00
1.103627972273599989e+00
1.104231908685939345e+00
1.104773320047832019e+00
1.105334496227944108e+00
1.105892686128822966e+00
1.106461496045253012e+00
1.107003040483079737e+00
1.107548137990812753e+00
1.108114665170974344e+00
1.108666859177884101e+00
1.109256350991269402e+00
1.109824354160992232e+00
1.110402926889829445e+00
1.110998758168146860e+00
1.111567066957060534e+00
1.112169845692359438e+00
1.112750452190333528e+00
1.113319505009925603e+00
1.113902282862643478e+00
1.114473274250323609e+00
1.115050045244502019e+00
1.115651411483116195e+00
1.116232840975992735e+00
1.116832078292623986e+00
1.117425330509670411e+00
1.118027347470511135e+00
1.118646091255224517e+00
1.119208144804733074e+00
1.119826495649335341e+00
1.120449096886610540e+00
1.121058347742724060e+00
1.121675298114205743e+00
1.122267231392776399e+00
1.122870291510527530e+00
1.123477054846630852e+00
1.124081232659743579e+00
1.124667569859553184e+00
1.125298770975047713e+00
1.125923209751347187e+00
1.126539118567342790e+00
1.127149879419415246e+00
1.127790626188018175e+00
1.128392962648082642e+00
1.128981222841257681e+00
1.129657758758250807e+00
1.130286147710246603e+00
1.130927363203426017e+00
1.131544703903658133e+00
1.132205779616045849e+00
1.132876543798164715e+00
1.133539290849680636e+00
1.134214510398602771e+00
1.134868609640153458e+00
1.135495152337746116e+00
1.136139868068257286e+00
1.136789875057924837e+00
1.137465472361679497e+00
1.138149082423864700e+00
1.138797592186150842e+00
1.139430877191461633e+00
1.140083639460329756e+00
1.140757091399502432e+00
1.141440905765015446e+00
1.142122445167446099e+00
1.142816594960423426e+00
1.143481502310356168e+00
1.144155756389112044e+00
1.144864121688838887e+00
1.145540469875878431e+00
1.146266790907057409e+00
1.146968419145009355e+00
1.147659762380252468e+00
1.148373813661098142e+00
1.149072423531613429e+00
1.149767436986517177e+00
1.150469620217556388e+00
1.151172615883190087e+00
1.151883509718485632e+00
1.152596326352392841e+00
1.153315169703130971e+00
1.154060870464427513e+00
1.154751756229221549e+00
1.155459694316055774e+00
1.156215294108212222e+00
1.156914393654924655e+00
1.157663760636398864e+00
1.158419817431337817e+00
1.159126400719828309e+00
1.159878855087181915e+00
1.160634377731260658e+00
1.161328595537569397e+00
1.162069776264841758e+00
1.162799744158672599e+00
1.163551628478668443e+00
1.164294295483934372e+00
1.165037272364975562e+00
1.165761858529361206e+00
1.166517975393202455e+00
1.167289898104028278e+00
1.168027391268616766e+00
1.168796275713785526e+00
1.169545360883644136e+00
1.170285293485572309e+00
1.171108630249348748e+00
1.171910449642858731e+00
1.172711922854715372e+00
1.173491374863825598e+00
1.174280547030227329e+00
1.175116010843311409e+00
1.175942731751459025e+00
1.176762277378418764e+00
1.177618040245977937e+00
1.178465167961276538e+00
1.179248434819856861e+00
1.180041759905000820e+00
1.180849584994912327e+00
1.181710886190222132e+00
1.182544338971872167e+00
1.183387166403271351e+00
1.184294478957109931e+00
1.185099777048581826e+00
1.185945182493857164e+00
1.186774759281444158e+00
1.187616416663140662e+00
1.188490368065873160e+00
1.189371251885978475e+00
1.190235584831323745e+00
1.191100140713271305e+00
1.191971282270698262e+00
1.192879363593913000e+00
1.193705581602410692e+00
1.194575859921959138e+00
1.195481017073930063e+00
1.196384968291010376e+00
1.197266495959027122e+00
1.198211053972992435e+00
1.199155104392586546e+00
1.200089606424965982e+00
1.201058728033262524e+00
1.201995655139032282e+00
1.202963065816558430e+00
1.203917416894193293e+00
1.204857497468528660e+00
1.205794786853761513e+00
1.206722381865239058e+00
1.207664203846902096e+00
1.208618734583316590e+00
1.209653360224964835e+00
1.210754094849519014e+00
1.211736083761943972e+00
1.212698860642982268e+00
1.213707785223460789e+00
1.214692947665318545e+00
1.215678460167530117e+00
1.216730011133433376e+00
1.217798291665060706e+00
1.218868808275057170e+00
1.219916154701069511e+00
1.220954392764193708e+00
1.222048280870101200e+00
1.223091538064352779e+00
1.224175784318467519e+00
1.225313574224164537e+00
1.226456080054377562e+00
1.227560725058198354e+00
1.228740754039906458e+00
1.229853885327479412e+00
1.230977659435226412e+00
1.232189493581168804e+00
1.233408140101552863e+00
1.234613903484634401e+00
1.235744360154741539e+00
1.236905886407545285e+00
1.238150897798551586e+00
1.239338787932613650e+00
1.240560612879239244e+00
1.241760703781545239e+00
1.243026972468947777e+00
1.244281769660460890e+00
1.245512219015930455e+00
1.246787903618199911e+00
1.248078947517636150e+00
1.249352199731633029e+00
1.250675248542971296e+00
1.252036068337947228e+00
1.253334678847280337e+00
1.254664122083568589e+00
1.256052481521841679e+00
1.257505706214190777e+00
1.258895925625034939e+00
1.260320081985019991e+00
1.261800023685250016e+00
1.263231386965101066e+00
1.264695497153055515e+00
1.266159906806881841e+00
1.267631420522406627e+00
1.269110786194603380e+00
1.270659776349549963e+00
1.272185826023705113e+00
1.273864924226880246e+00
1.275371989970944586e+00
1.276980984127879859e+00
1.278593829490825229e+00
1.280198318260726165e+00
1.281837093177879305e+00
1.283562651315121705e+00
1.285218442032897590e+00
1.286893779116407233e+00
1.288573423298068343e+00
1.290317952772380705e+00
1.292177588402925625e+00
1.294072557091048070e+00
1.296011184744313871e+00
1.297935834530293375e+00
1.299825646710836224e+00
1.301710399010318042e+00
1.303719896338680684e+00
1.305814619561203038e+00
1.307755607852991719e+00
1.309758133372693534e+00
1.311818131056647019e+00
1.313963581331240471e+00
1.316157744953578623e+00
1.318381082416233863e+00
1.320709966082882936e+00
1.323137262438985440e+00
1.325620487011898829e+00
1.328007011745850008e+00
1.330611087005719728e+00
1.333246850715416709e+00
1.335854731869805745e+00
1.338567239367607575e+00
1.341397643816910401e+00
1.344410008255719324e+00
1.347285064473058069e+00
1.350472911276112464e+00
1.353560549504264854e+00
1.356874443208463621e+00
1.360109104934351221e+00
1.363547054498421174e+00
1.367050841360720748e+00
1.370549329292348739e+00
1.374582214442119366e+00
1.378552773086161309e+00
1.382551831255997454e+00
1.386673387506994537e+00
1.391346944560147403e+00
1.396094378267312308e+00
1.401096658036688369e+00
1.406276158274810673e+00
1.412135383407573830e+00
1.417978299247529828e+00
1.423981378120911412e+00
1.430620043085556237e+00
1.438123260874998754e+00
1.445974516792713160e+00
1.454601700871348102e+00
1.464556071466512011e+00
1.475799548631300473e+00
1.488725359229715384e+00
1.502793495705727178e+00
1.521618159737369025e+00
1.544446407552085843e+00
1.578475158700549441e+00
1.643040375068320680e+00
