8.327302135871152838e-04
1.650336189874642562e-03
2.482917828313439823e-03
3.335893761127304343e-03
4.172573808689955879e-03
4.990876865655936682e-03
5.797183543473463305e-03
6.605875165304755763e-03
7.463515852922829145e-03
8.275819957213702630e-03
9.088268678232482370e-03
9.961821590379634980e-03
1.082731994846741416e-02
1.167746250547384811e-02
1.252867558142415315e-02
1.339841731819162163e-02
1.425145371617427860e-02
1.513692449561163285e-02
1.602918042415875724e-02
1.692815322164593558e-02
1.781345434562748783e-02
1.865607275222212411e-02
1.950417029183898129e-02
2.030780128838458043e-02
2.115162735454379286e-02
2.205044021771219998e-02
2.292856316276583456e-02
2.381002474916662365e-02
2.470471435645909056e-02
2.553847746777156494e-02
2.639181355471250517e-02
2.729466098512741898e-02
2.813225540670349911e-02
2.899238493906938774e-02
2.983791983594662536e-02
3.068484693608616865e-02
3.157255632408806356e-02
3.242985669692818179e-02
3.332742229305505482e-02
3.417566708295237399e-02
3.505185181565649566e-02
3.594929587337333809e-02
3.678467433894463956e-02
3.770953497746403621e-02
3.861728683982566107e-02
3.948449208076324629e-02
4.035943354433404323e-02
4.119104376461940609e-02
4.208471220513713973e-02
4.297678250710332271e-02
4.394388083741751494e-02
4.482083756879160635e-02
4.570567544227104040e-02
4.660271938854074897e-02
4.752360538789628802e-02
4.844497471686941975e-02
4.931388796171031624e-02
5.021133971231885040e-02
5.106325103641207869e-02
5.189376336920267785e-02
5.276570714941297702e-02
5.373733699798084740e-02
5.464399311260435127e-02
5.558329405441524845e-02
5.649708892915001474e-02
5.744791498966819038e-02
5.838993263952520912e-02
5.932078367307865030e-02
6.020554996749333254e-02
6.112891094227575206e-02
6.203911193285719522e-02
6.299032109678757985e-02
6.385451909859429787e-02
6.471687469204685794e-02
6.562298267915959993e-02
6.653544194751614960e-02
6.747727862994641612e-02
6.842209613630456655e-02
6.937488842876660122e-02
7.028433884886248206e-02
7.120974073241989610e-02
7.216858194790762293e-02
7.302644863965050692e-02
7.399917202599064214e-02
7.493818276832502068e-02
7.585607048316732326e-02
7.673593004845646881e-02
7.769975971866703579e-02
7.862582969089816631e-02
7.956943941639588180e-02
8.054464775573917656e-02
8.146014101931833840e-02
8.238784954810031425e-02
8.333739465269353330e-02
8.425740684901064648e-02
8.524652642057760354e-02
8.620280794406999514e-02
8.714139907861490064e-02
8.803026000607484802e-02
8.896763951572099483e-02
8.993674246913314907e-02
9.085959689030211062e-02
9.187899669418075899e-02
9.286057374911105278e-02
9.385851724408265928e-02
9.477624547579856229e-02
9.570935647754763576e-02
9.664532881930311403e-02
9.760780326657209072e-02
9.857637507503390351e-02
9.949410241378270348e-02
1.004372967628583968e-01
1.014392859578390205e-01
1.023754437049775728e-01
1.033825034765251949e-01
1.042715488264567142e-01
1.052097564002995866e-01
1.061950706631488855e-01
1.070888790504547494e-01
1.080282986279440943e-01
1.090103340629362400e-01
1.099763497211673630e-01
1.109260575200400334e-01
1.119254543922818673e-01
1.129777140603190205e-01
1.139625445709475937e-01
1.149049938584970759e-01
1.159344476355179676e-01
1.169497004362915482e-01
1.179093049799974785e-01
1.188145882309229462e-01
1.197708287744089772e-01
1.207412599167558276e-01
1.217127116795297531e-01
1.226579398731574705e-01
1.236447856003704826e-01
1.246189316057962487e-01
1.255872739305642638e-01
1.266401878836870831e-01
1.276996003451467965e-01
1.286552340676686557e-01
1.296283860866930537e-01
1.305728150179414904e-01
1.315558438716177836e-01
1.326242243876717131e-01
1.336510126137206711e-01
1.346476674736672985e-01
1.356719935342700079e-01
1.367521167930605686e-01
1.377364645959613110e-01
1.387251573085530043e-01
1.397048408609487258e-01
1.407326254149497413e-01
1.417107638649242052e-01
1.427220765544524039e-01
1.437400867844352004e-01
1.447931029606021880e-01
1.458439652142068665e-01
1.468806311376819329e-01
1.479165971463209939e-01
1.489690171874935021e-01
1.499834769112010080e-01
1.510065662906918404e-01
1.520332659785301743e-01
1.530653852291776473e-01
1.540940817669499419e-01
1.551309063430554025e-01
1.561977620038388359e-01
1.572749540640913657e-01
1.583332085718545390e-01
1.594043907559368478e-01
1.604711743051663586e-01
1.614546362384679246e-01
1.624809445016255627e-01
1.635329275055226461e-01
1.645474268633345116e-01
1.656415710869147129e-01
1.666892287698745478e-01
1.677766153209901412e-01
1.688249428894631476e-01
1.698834167558687658e-01
1.709163946723939176e-01
1.719431437571590227e-01
1.729796475294455016e-01
1.740610870614858752e-01
1.750695558003398655e-01
1.761104937397548476e-01
1.772136590644395604e-01
1.782210275100121200e-01
1.792779804467519167e-01
1.803712014144387976e-01
1.814090938896103511e-01
1.825349422018776313e-01
1.836311308695023070e-01
1.847233574164481862e-01
1.857536183532350060e-01
1.869627624443545855e-01
1.880148590742705406e-01
1.890774364227603976e-01
1.901794622637325571e-01
1.913083065552578788e-01
1.923983543341873659e-01
1.934838770608714731e-01
1.946004741103636304e-01
1.956989001873640222e-01
1.967959134981712987e-01
1.978838853129186726e-01
1.989651633059811020e-01
2.001235743717699744e-01
2.012646438714592589e-01
2.023703977764110540e-01
2.035116676262825330e-01
2.046090446044634692e-01
2.057788570341674006e-01
2.068446005707063329e-01
2.079585563202603904e-01
2.090364405745324672e-01
2.101569027757732300e-01
2.112475447471835466e-01
2.123956363391542868e-01
2.135063802072485473e-01
2.146208331628821075e-01
2.158086583841205830e-01
2.169479971185622746e-01
2.181006858430276363e-01
2.192334386437244653e-01
2.203675481392260993e-01
2.213940099695110852e-01
2.225387624523267049e-01
2.236473624552380857e-01
2.247693424928458583e-01
2.258743593397052885e-01
2.270174720303776983e-01
2.281810602634612439e-01
2.292926316736560999e-01
2.303894772147087044e-01
2.315238968421388654e-01
2.326646319923126871e-01
2.337978123131165265e-01
2.349415975870194073e-01
2.360727516822568317e-01
2.372204034243179105e-01
2.383667135391857872e-01
2.395084073516305645e-01
2.406348727172853974e-01
2.417920624378193661e-01
2.428820220930943963e-01
2.440556765872824163e-01
2.452462576551397433e-01
2.464149007727318152e-01
2.475200452200176371e-01
2.487516899482697386e-01
2.499280392427298270e-01
2.510578042538613719e-01
2.522764822581278765e-01
2.534488909783887967e-01
2.545965193754941014e-01
2.557731564872882113e-01
2.570104578898603220e-01
2.581945096535627759e-01
2.593894574065697678e-01
2.605598513451696241e-01
2.616962237249917944e-01
2.629387812223269449e-01
2.641047771300793490e-01
2.652817541527107692e-01
2.665102807165630749e-01
2.676930745833516756e-01
2.689257621687594635e-01
2.701237097796537201e-01
2.713155294813371365e-01
2.725238740237621582e-01
2.737848279820287445e-01
2.749704771978580542e-01
2.761828021206725881e-01
2.774705620722814348e-01
2.787436017833518354e-01
2.800255214794589165e-01
2.812684632364734760e-01
2.824740718778951387e-01
2.836676799081455647e-01
2.848523735819435410e-01
2.861530754362632267e-01
2.874251563865168335e-01
2.885585520881975841e-01
2.897984497093391010e-01
2.910318981808914796e-01
2.922333003136200480e-01
2.935154480806478339e-01
2.947776150129336470e-01
2.960377749033337169e-01
2.973109064690330761e-01
2.985921403330022428e-01
2.998116036595037670e-01
3.010812781658796511e-01
3.023208360151755647e-01
3.036382046039090010e-01
3.049245608132673535e-01
3.061748574132865386e-01
3.074465698352470966e-01
3.087266828128994445e-01
3.100172572471853738e-01
3.113154111901300092e-01
3.125121001798027431e-01
3.138236822143509186e-01
3.150671428623787462e-01
3.164040831313222890e-01
3.175688835453545633e-01
3.188243010318400628e-01
3.200923410080393494e-01
3.214028814490574870e-01
3.226708057749041458e-01
3.239504717213460006e-01
3.252394377360437461e-01
3.265985798508922455e-01
3.279273456198301129e-01
3.292848685935278463e-01
3.306393440975693432e-01
3.319343712539352120e-01
3.332969373865928286e-01
3.346333095100235688e-01
3.359705171377663779e-01
3.373924627552912225e-01
3.386955703310420840e-01
3.399354027264995248e-01
3.411997788744139948e-01
3.424710926701057256e-01
3.437647774300869874e-01
3.450533989429394599e-01
3.463336902775773218e-01
3.476720038799814838e-01
3.490066391474476726e-01
3.503841959842657894e-01
3.518631128263501884e-01
3.531843237391754098e-01
3.545214079002528273e-01
3.559115002521116566e-01
3.572750835529037161e-01
3.587283760215367878e-01
3.601065698677736182e-01
3.614619826018258819e-01
3.628855824486735826e-01
3.642651948894959912e-01
3.656107071335482073e-01
3.670351414701921167e-01
3.684244631639264633e-01
3.697736718952621127e-01
3.711373230357996045e-01
3.724973252719434580e-01
3.738489939220018266e-01
3.752639674875631881e-01
3.766425858655157444e-01
3.780329644492982921e-01
3.794547753309908122e-01
3.807662514173187907e-01
3.821175678085966809e-01
3.835319326835310849e-01
3.849361686451019948e-01
3.863651356463455033e-01
3.877692579273427920e-01
3.891104052745250619e-01
3.904897180297690062e-01
3.918499617895445652e-01
3.932848334296711879e-01
3.947175288740438770e-01
3.961829046795731779e-01
3.975441777625416395e-01
3.989251181651083944e-01
4.003098267975588875e-01
4.017450468858033696e-01
4.031654262802230049e-01
4.045523872062823378e-01
4.059781305654928674e-01
4.074356465710250452e-01
4.088370486802866410e-01
4.102212700948317803e-01
4.116522476321784474e-01
4.130841254557477971e-01
4.145465832943984741e-01
4.160065096878856616e-01
4.174206876286001289e-01
4.188906921377708037e-01
4.203682751650728577e-01
4.218304095687262500e-01
4.233158361547026405e-01
4.248411612088581202e-01
4.263559143462681278e-01
4.278099777898727862e-01
4.293370432951826299e-01
4.308653853253712751e-01
4.323726571259040030e-01
4.338363022721354878e-01
4.353021833047542311e-01
4.367724464640147519e-01
4.381500832588827166e-01
4.396401351742988406e-01
4.411495048528927265e-01
4.427047408112108062e-01
4.442217677354071137e-01
4.456886525876906369e-01
4.472000980530239644e-01
4.485987202762307113e-01
4.501606470113043712e-01
4.516943872373315738e-01
4.531519282638162283e-01
4.547059189040510985e-01
4.561714731454687977e-01
4.577421088952760564e-01
4.592683248184896705e-01
4.607917170626072423e-01
4.623335706839933890e-01
4.638571429683951419e-01
4.654170771632848425e-01
4.670412720919786542e-01
4.686238517367555811e-01
4.701229985551178547e-01
4.716887098054483030e-01
4.732425299233035121e-01
4.748245897290346296e-01
4.763920774367478850e-01
4.779466455261093816e-01
4.795486520784948969e-01
4.811235710388142572e-01
4.827304405486070316e-01
4.842521329300337185e-01
4.859230480887379300e-01
4.875633746619115749e-01
4.892296323438926620e-01
4.909199894079450122e-01
4.925030330195988570e-01
4.941980672573824118e-01
4.957742659727927270e-01
4.974834272778684841e-01
4.991383168929462988e-01
5.007322615083819040e-01
5.023525271460517194e-01
5.038717982891699476e-01
5.056384932443320768e-01
5.073386542855939929e-01
5.089632218650801398e-01
5.106136859446367415e-01
5.122991526670627183e-01
5.138931150925172275e-01
5.155471106894231603e-01
5.172080885987797583e-01
5.188723825184636818e-01
5.205115649542823020e-01
5.222526515340122355e-01
5.239650418014717426e-01
5.255673128897497826e-01
5.272636421877574531e-01
5.289067208004948339e-01
5.306457648541095251e-01
5.323893400015919930e-01
5.341943125237385015e-01
5.359353366858573553e-01
5.376251878768872894e-01
5.392899916572895247e-01
5.409691147391649801e-01
5.427182350983167369e-01
5.445493853051870392e-01
5.463082435970453288e-01
5.480618718985283966e-01
5.498699326251522690e-01
5.516594389464652970e-01
5.533220455497992463e-01
5.551268500887751589e-01
5.568279923573352663e-01
5.586117959948770917e-01
5.603432714102045686e-01
5.620447718566672357e-01
5.638938985253114655e-01
5.657338668026706818e-01
5.674749743135842905e-01
5.691894903040971565e-01
5.709660579788345958e-01
5.727086918326413922e-01
5.744957021540940678e-01
5.762929693473283210e-01
5.780767125125800820e-01
5.799265141145075741e-01
5.818660665344296268e-01
5.837393132398994711e-01
5.854922180257943198e-01
5.872040212368474510e-01
5.890459901192303116e-01
5.910183799781643099e-01
5.927997471876151891e-01
5.946453163163223365e-01
5.965153619442362665e-01
5.982988195964203948e-01
6.000917591194335765e-01
6.019981775556688675e-01
6.038512164418101680e-01
6.056863305634518913e-01
6.076373220006544562e-01
6.094158845282828807e-01
6.113676870065894997e-01
6.132910273406475543e-01
6.151997612261788095e-01
6.171502399300466957e-01
6.190111811997981439e-01
6.210004242152181719e-01
6.229302067587686453e-01
6.248785180643250392e-01
6.269041026538103578e-01
6.289068320464558104e-01
6.307569626167607302e-01
6.325874227375424264e-01
6.346465923276549681e-01
6.365481111193271868e-01
6.384775159041470305e-01
6.403190333392161371e-01
6.422619117570085301e-01
6.441267980573860408e-01
6.460943749521189661e-01
6.480722780637334646e-01
6.501042961383008967e-01
6.521064556128839396e-01
6.541323390910150914e-01
6.561095161840850842e-01
6.580812453960970254e-01
6.600962225597408750e-01
6.620457332217412061e-01
6.640378606999036704e-01
6.659569406461837149e-01
6.680341341405179323e-01
6.701088439070203018e-01
6.721611616929563660e-01
6.742251281230075000e-01
6.761819208153160288e-01
6.781784142582815145e-01
6.802600313949004329e-01
6.823540978320431494e-01
6.844281544540740114e-01
6.866148280240095270e-01
6.888350352730856496e-01
6.910310603080358494e-01
6.930335564265212023e-01
6.951346874761894501e-01
6.972105318140330299e-01
6.992692666026104620e-01
7.014576416386982816e-01
7.035544688540211755e-01
7.055839234443939123e-01
7.076655221336153323e-01
7.098531385588727760e-01
7.120017580271590374e-01
7.142281137399913993e-01
7.163477084820591978e-01
7.184843237582360098e-01
7.206552438008352324e-01
7.227025693128343864e-01
7.249408423224498188e-01
7.270947400290853624e-01
7.292049118287921017e-01
7.313897121594061801e-01
7.335919378404575086e-01
7.357047522909097026e-01
7.379474507226699842e-01
7.401573627975893688e-01
7.423017011916851482e-01
7.445304695664525241e-01
7.467307459661267632e-01
7.489994660383129110e-01
7.512186833842898759e-01
7.534771874051520157e-01
7.558104453021567970e-01
7.580520553513838689e-01
7.601469913923668553e-01
7.623622871367018439e-01
7.647001129596605606e-01
7.669077874773589931e-01
7.693058091555668998e-01
7.715039166875884424e-01
7.738225167744213762e-01
7.761024920582570985e-01
7.785187226018835949e-01
7.807070477459555624e-01
7.830574964909614577e-01
7.854675179976554622e-01
7.878402145469941553e-01
7.901102183412321844e-01
7.924825083958318972e-01
7.948239108372279205e-01
7.972570680903339202e-01
7.997745502262150197e-01
8.022595073912548447e-01
8.046346432342623700e-01
8.070749541749036027e-01
8.096598862019507292e-01
8.120992201337959848e-01
8.145801793302847038e-01
8.168273924125136753e-01
8.194552004750009777e-01
8.218528487659367832e-01
8.244237441611863559e-01
8.268144256073751697e-01
8.292850688962238870e-01
8.317619092402964709e-01
8.343371629163522929e-01
8.368457137952606262e-01
8.393883127830694679e-01
8.418211241571572634e-01
8.442223970622303453e-01
8.466392061762787469e-01
8.492264939950722180e-01
8.516342630134779990e-01
8.541272088956570752e-01
8.566339764961156122e-01
8.592769242869072732e-01
8.617578310310528567e-01
8.643135164189389430e-01
8.669166400948236095e-01
8.694947657840165212e-01
8.720593627080037713e-01
8.748219150278762068e-01
8.774781044485241432e-01
8.800810438145574288e-01
8.829483500528539919e-01
8.855901377810977415e-01
8.883465328289893437e-01
8.910280429207992903e-01
8.937025822688995369e-01
8.965000514196161951e-01
8.991336812255263933e-01
9.018685968370643291e-01
9.045858038440047766e-01
9.073292392608052204e-01
9.100951588017534011e-01
9.128903898041184073e-01
9.156815891367144911e-01
9.184891832855437421e-01
9.213474236598203637e-01
9.241615394934615813e-01
9.269670340899849315e-01
9.297095024224156790e-01
9.325062960509419296e-01
9.353694205468737755e-01
9.381455396533513458e-01
9.410556507247698210e-01
9.439865922336252435e-01
9.468129452811876456e-01
9.497818115776471837e-01
9.527311211023998805e-01
9.555823465442331299e-01
9.584245080240322290e-01
9.613941318303420580e-01
9.643399183000676000e-01
9.673758011563234893e-01
9.704027592617651132e-01
9.733984249223153196e-01
9.765265653438431892e-01
9.794533650786585444e-01
9.823960585362807585e-01
9.853356857980656303e-01
9.885033851083417922e-01
9.915320662260165285e-01
9.945221297188425735e-01
9.974501573718609349e-01
1.000554752178252738e+00
1.003573589403419453e+00
1.006566136550885338e+00
1.009810060382963837e+00
1.012886941846348199e+00
1.016071517398276169e+00
1.019188079186210016e+00
1.022291548535967376e+00
1.025460520386877405e+00
1.028512521315015471e+00
1.031720380339311793e+00
1.034831938476012736e+00
1.038000272042620464e+00
1.041284200695618223e+00
1.044477107253197312e+00
1.047725745422760424e+00
1.050945061216230769e+00
1.054188971635227512e+00
1.057485681058084825e+00
1.060681776002467158e+00
1.063747731787025641e+00
1.067008326174001098e+00
1.070227689640048441e+00
1.073646947549436348e+00
1.076891233423612482e+00
1.080259479169362935e+00
1.083511884475443221e+00
1.086844573715824103e+00
1.090382079074647237e+00
1.093869729577878092e+00
1.097328350809041675e+00
1.100781065180327811e+00
1.104195631992197280e+00
1.107842663737361288e+00
1.111394190054789677e+00
1.114824811577044494e+00
1.118581335643044739e+00
1.122126635943326844e+00
1.125723354118563169e+00
1.129063505583995486e+00
1.132689701585257502e+00
1.136004218754269601e+00
1.139725300350725723e+00
1.143248296182843848e+00
1.146872865727672552e+00
1.150406714808094311e+00
1.154188688122684159e+00
1.158043865750257417e+00
1.161650646720856495e+00
1.165460348536406565e+00
1.169285996764443114e+00
1.173074651430952020e+00
1.176734661730542530e+00
1.180337973484197001e+00
1.184232254646335969e+00
1.187912167315368972e+00
1.191879750187227138e+00
1.195695965425799034e+00
1.199456742156193245e+00
1.203078294973201734e+00
1.206900661610121217e+00
1.210723588575908005e+00
1.214459404139675902e+00
1.218106733491121751e+00
1.222028095983467733e+00
1.225975472673421551e+00
1.229946358320495925e+00
1.233860027638274515e+00
1.238177544533288099e+00
1.242231459687295647e+00
1.246375362357405647e+00
1.250490877972727066e+00
1.254668264846377168e+00
1.258987173808475690e+00
1.263116491426694132e+00
1.267003130391445964e+00
1.271257899454212081e+00
1.275349454760550838e+00
1.279440717223716106e+00
1.283653321983469819e+00
1.287912228570252671e+00
1.292236708183396310e+00
1.296744573473477047e+00
1.301102978956632628e+00
1.305499315180547404e+00
1.309889674616289357e+00
1.314403504162609426e+00
1.318794317381940084e+00
1.323521128118438250e+00
1.327966700355136087e+00
1.332469665778661438e+00
1.337259152165768405e+00
1.341920644556545916e+00
1.346512602530015146e+00
1.351030814559839532e+00
1.355672682153990616e+00
1.360323901372734623e+00
1.365093758397906809e+00
1.369592057357885251e+00
1.374207330838751018e+00
1.379041006602445663e+00
1.383934676490360838e+00
1.388831835192949837e+00
1.393629719898451302e+00
1.398277276044878503e+00
1.403204190349035096e+00
1.408135043193406544e+00
1.412914862075145495e+00
1.417852714912207546e+00
1.422714769769651832e+00
1.427544702567633772e+00
1.432384774011277617e+00
1.437355555927659623e+00
1.442407549829961777e+00
1.447403792391269928e+00
1.452552148288142497e+00
1.457700170449651278e+00
1.462932363384374934e+00
1.468030886316363137e+00
1.473185480508790945e+00
1.478624821165889669e+00
1.483662083428859635e+00
1.488801689265879302e+00
1.494082491690999603e+00
1.499019620125726204e+00
1.504688429688219253e+00
1.510187071298814132e+00
1.515365650270289688e+00
1.520681871742610047e+00
1.525819973007607189e+00
1.531410825537798504e+00
1.537035028626622113e+00
1.542591212335917117e+00
1.548482275478492154e+00
1.554082789040864165e+00
1.559396447429696408e+00
1.565160325558436538e+00
1.571040976328822003e+00
1.576947645275111665e+00
1.582430125392796372e+00
1.588267893682819398e+00
1.594185983693688025e+00
1.600322713215562409e+00
1.606204043980850704e+00
1.612161275094798008e+00
1.618016861826100605e+00
1.624011590353211298e+00
1.630104510575048238e+00
1.636278593929883840e+00
1.642622164598749324e+00
1.648791747124839890e+00
1.654854332883479273e+00
1.660826225484398622e+00
1.667218436909284174e+00
1.673762222513854869e+00
1.680449224771899841e+00
1.686853564302577269e+00
1.693336748184365526e+00
1.699442879424462260e+00
1.705843524790336740e+00
1.712500146376336074e+00
1.719271988763501069e+00
1.725510941828596101e+00
1.732298227101214616e+00
1.738594189593138051e+00
1.745208076028903932e+00
1.751889671540757698e+00
1.759241545408821050e+00
1.766126158205132413e+00
1.773215525809484383e+00
1.779978206078561387e+00
1.786859547964999795e+00
1.793904134834478414e+00
1.801080560722701396e+00
1.807895695727322227e+00
1.815244416139685457e+00
1.822545869077347724e+00
1.829678381445285051e+00
1.836718983255108073e+00
1.843877901475345027e+00
1.851092075043620833e+00
1.858906176841012892e+00
1.866442509661625726e+00
1.874445210490397917e+00
1.882035557032590400e+00
1.889682999466210322e+00
1.897721617229910951e+00
1.905797308896118203e+00
1.913628005742876725e+00
1.921675735793686224e+00
1.929503431874868058e+00
1.937435149435374537e+00
1.945720224891831940e+00
1.954228337937079507e+00
1.962875676195894536e+00
1.971309770072701362e+00
1.979383103844649883e+00
1.988224688357725256e+00
1.996282530340687700e+00
2.004363370395412236e+00
2.012888518292160089e+00
2.021792620654288886e+00
2.030482996000870344e+00
2.039684868670373685e+00
2.048532105321414498e+00
2.057625610966780538e+00
2.066435304552575847e+00
2.075360001463210313e+00
2.084296538452689695e+00
2.093466461457857086e+00
2.103096310870076646e+00
2.112914592877532804e+00
2.122706366462353333e+00
2.132332163322570917e+00
2.142340590009518930e+00
2.151740124173657343e+00
2.162084152926770919e+00
2.172209661797407598e+00
2.182524642348564026e+00
2.192402373266709503e+00
2.202530401835006479e+00
2.212869805266014733e+00
2.222917754568221493e+00
2.233879071118382242e+00
2.244517158498704035e+00
2.254827888157598714e+00
2.265456327112640889e+00
2.276630904283949874e+00
2.287764690849224625e+00
2.299017005088600740e+00
2.310436931346459222e+00
2.321863276185819558e+00
2.332388956081596909e+00
2.343721790637073532e+00
2.354965977394730015e+00
2.367457043430772679e+00
2.379914427714242109e+00
2.391655345212218897e+00
2.403942590848281213e+00
2.416538976244204662e+00
2.428829757634914266e+00
2.441323471184472016e+00
2.453605728255900065e+00
2.466467663459403159e+00
2.480316758009999401e+00
2.493058656045155974e+00
2.506695751104181635e+00
2.519839984572090685e+00
2.532783630693386634e+00
2.546743357247063688e+00
2.560693389281116783e+00
2.574879636177572539e+00
2.589286041475618028e+00
2.604392067429551538e+00
2.620041068065205980e+00
2.634505771514557448e+00
2.648985976578611012e+00
2.665302657708672029e+00
2.679679371695563361e+00
2.694869751889833243e+00
2.709871547240404688e+00
2.724907376677700110e+00
2.741437287907840137e+00
2.758062254722951412e+00
2.774623531445888247e+00
2.792339827723195445e+00
2.810142099110437997e+00
2.827433909740791229e+00
2.846360915543361791e+00
2.863816995043559022e+00
2.880893669737949914e+00
2.900481122685162561e+00
2.919486496186493252e+00
2.938134189196412116e+00
2.958575335224398195e+00
2.977419495068272859e+00
2.997142312578999324e+00
3.017261742262962176e+00
3.036763707509913868e+00
3.056838687210996053e+00
3.077880150214843624e+00
3.098738280042932836e+00
3.120371476189935933e+00
3.141087313547621829e+00
3.163770375236374832e+00
3.188032452029190722e+00
3.211768075636380004e+00
3.236212269824074728e+00
3.260436361293974628e+00
3.284477267407086121e+00
3.310044877805080610e+00
3.336804774651019656e+00
3.364356711374041797e+00
3.392121232998464020e+00
3.418245033194143634e+00
3.447575819993147217e+00
3.477390109516505401e+00
3.505171400156043671e+00
3.535090123071058965e+00
3.566346461203594664e+00
3.598108811641779425e+00
3.631095437627603673e+00
3.663774129181778250e+00
3.700989663760298143e+00
3.734889307770110634e+00
3.772695272998851213e+00
3.808158321505390020e+00
3.846823794839542288e+00
3.887828926144348163e+00
3.930054569183255797e+00
3.972586577951819464e+00
4.014952555238362031e+00
4.061722712913821809e+00
4.107166789102361548e+00
4.153829997729824086e+00
4.207051129053860805e+00
4.260766947243228131e+00
4.315683898643827732e+00
4.373487278712534732e+00
4.435012047251527534e+00
4.501530218308724685e+00
4.568544784368256728e+00
4.634212644765369760e+00
4.709606096750586168e+00
4.786944543306508315e+00
4.871487463567433451e+00
4.956897626440503579e+00
5.054771332728668298e+00
5.167378913447302047e+00
5.282104764120192364e+00
5.411415910629205683e+00
5.548937527119667479e+00
5.711731642308202517e+00
5.888539379545284724e+00
6.106588801021035628e+00
6.349758157888878429e+00
6.658526298768514984e+00
7.087035990907462946e+00
7.712621259109223359e+00
8.949313035146310824e+00
