5.282408105633900064e-01
5.616604444472363955e-01
5.799668536188340440e-01
5.925556565512136720e-01
6.029123236851929857e-01
6.114817271556272082e-01
6.187824369918906164e-01
6.254396468562450906e-01
6.311712231591932731e-01
6.364873501596984839e-01
6.413163240286757771e-01
6.457473668395796729e-01
6.498639394851312145e-01
6.538118426539197836e-01
6.576159141183571810e-01
6.610014969284333519e-01
6.643074647372850805e-01
6.673136070768046491e-01
6.703716674230980610e-01
6.732582903882891046e-01
6.760674376312333367e-01
6.788139719516074200e-01
6.814164232136795674e-01
6.839170602845371372e-01
6.864381930014646915e-01
6.887464846332206347e-01
6.910752266903174013e-01
6.932362063761271509e-01
6.954333803585429630e-01
6.975209183724659923e-01
6.994706414689814133e-01
7.014857042989752767e-01
7.034047986753944048e-01
7.051641192212871889e-01
7.069505140821001898e-01
7.088134114086794835e-01
7.106053898824588044e-01
7.122270954065611503e-01
7.138576512217853498e-01
7.154889235940957715e-01
7.170942607116662648e-01
7.186950518126635767e-01
7.202493064478254770e-01
7.218969193010034147e-01
7.232577071248972311e-01
7.247391373228841971e-01
7.262029857655791787e-01
7.276320344823392627e-01
7.290242302289864362e-01
7.304020064599552331e-01
7.317556502985781419e-01
7.331366254123946602e-01
7.344727886113069371e-01
7.358006536394247066e-01
7.371677583435632952e-01
7.384831488107683750e-01
7.397252084692250707e-01
7.410747619111818230e-01
7.422619331882315263e-01
7.434765763405674077e-01
7.445990039313121756e-01
7.457917853206592618e-01
7.469972356774774447e-01
7.481431906839969281e-01
7.492990088170328189e-01
7.504243795584466525e-01
7.515445365639326081e-01
7.526510809976471039e-01
7.537332000370038365e-01
7.548650357546606848e-01
7.559820108610687539e-01
7.570262790061690339e-01
7.580543216328816669e-01
7.591343026640916536e-01
7.601858928166140839e-01
7.612543490483217878e-01
7.623157137882781154e-01
7.633066268563514223e-01
7.643485139777548287e-01
7.652979032514810598e-01
7.662754994588411028e-01
7.672128398401298899e-01
7.681075046723216948e-01
7.690756274934072989e-01
7.700318260800641523e-01
7.709819279546944459e-01
7.719242322591858274e-01
7.728185466254625657e-01
7.737480301468530053e-01
7.746324203208434511e-01
7.755200754056235102e-01
7.764362726906295364e-01
7.773438777251033827e-01
7.782563167895818479e-01
7.791740023402916604e-01
7.800054494373874769e-01
7.809039443107760325e-01
7.817472772999962682e-01
7.826143042632734970e-01
7.834651400557861578e-01
7.843133425494912547e-01
7.851323117603942192e-01
7.859554788932626712e-01
7.868090483661791534e-01
7.876143269521930224e-01
7.884355966458125309e-01
7.892552412122618710e-01
7.899974589488452104e-01
7.907911655449941790e-01
7.916029122917377370e-01
7.923413069855521629e-01
7.931542613437986278e-01
7.939650078201768713e-01
7.947636970446975146e-01
7.955667944992559359e-01
7.963526462951849849e-01
7.971204742366688745e-01
7.978672795563509501e-01
7.986191944878368032e-01
7.993476998599872152e-01
8.000767561310709874e-01
8.007956930386246341e-01
8.015183030156037836e-01
8.022498401532138779e-01
8.029870360997617418e-01
8.037401147576714866e-01
8.044360386858396827e-01
8.051603858243902012e-01
8.059471151409423051e-01
8.066570205798399007e-01
8.074006755050774364e-01
8.080806209484754365e-01
8.087896278910240433e-01
8.094717657896199903e-01
8.101735971490340305e-01
8.108755095745007191e-01
8.115796260511319860e-01
8.122541276965292711e-01
8.129728476713564689e-01
8.136784329138081473e-01
8.143587356330954652e-01
8.150334063631813342e-01
8.157180832463999387e-01
8.163750300829528683e-01
8.170901405067314549e-01
8.177497909655979669e-01
8.184104960106152182e-01
8.190974593183053543e-01
8.197039264306920092e-01
8.203667635197393615e-01
8.210467255973125100e-01
8.216816332739941275e-01
8.223030984306777258e-01
8.229571224871907731e-01
8.235987366432802048e-01
8.242501353786984009e-01
8.248829530299696122e-01
8.254970589958549043e-01
8.261536201923177503e-01
8.267940096815271644e-01
8.273877171847018319e-01
8.280194982044215557e-01
8.286285407966704764e-01
8.292612724788778200e-01
8.299053644004646957e-01
8.305349225000350222e-01
8.311834681625798193e-01
8.318161237477952330e-01
8.324299669978838523e-01
8.330314797250972791e-01
8.336427698234474271e-01
8.342761609759639096e-01
8.348946561048586901e-01
8.354367384525035467e-01
8.360716220573655155e-01
8.366910343711548848e-01
8.373109137170566818e-01
8.378939740508063450e-01
8.384749247694657237e-01
8.390554512372957463e-01
8.396592226627215272e-01
8.402665109112521513e-01
8.408512069152892510e-01
8.414512750285533249e-01
8.420488200434314008e-01
8.426363243798776770e-01
8.432315703309244403e-01
8.438184090867180132e-01
8.444181599192661647e-01
8.450060660274647528e-01
8.455949004930719548e-01
8.461702486958065927e-01
8.467469149563761066e-01
8.472966533347641160e-01
8.478676912172967706e-01
8.484427342331259947e-01
8.490309520608864124e-01
8.496248121827346678e-01
8.502004416308998058e-01
8.507676599008863194e-01
8.513730407078858864e-01
8.519195993007986356e-01
8.524572024105400159e-01
8.530194208095296382e-01
8.535543743999683963e-01
8.540783585723082938e-01
8.546388447221285878e-01
8.552051985904497444e-01
8.557338348148034735e-01
8.562886919533787555e-01
8.568539064730101851e-01
8.573954576402836869e-01
8.579441348311939164e-01
8.584774691573463512e-01
8.590579464821437305e-01
8.596109413126061805e-01
8.601315412834392715e-01
8.606924910196321887e-01
8.612298279272971868e-01
8.617832819558061130e-01
8.623604151918836669e-01
8.629009581365911785e-01
8.634255279786767767e-01
8.639622556322918978e-01
8.645384181669444335e-01
8.650558212893717513e-01
8.655823739201553568e-01
8.661098860754458117e-01
8.666268234781767665e-01
8.671455748250220807e-01
8.676608676738181147e-01
8.681683535225515058e-01
8.686907301724406949e-01
8.691899607816401252e-01
8.697277667678843249e-01
8.702415847890925260e-01
8.707710615724165715e-01
8.713152327777727857e-01
8.718109292170386215e-01
8.723276849665152488e-01
8.728520418389777991e-01
8.733566734766673445e-01
8.738545990743863401e-01
8.743694523379180739e-01
8.748829692292207083e-01
8.754013103733560008e-01
8.759059455204644129e-01
8.764018341754987729e-01
8.769049439372628152e-01
8.774044827940926661e-01
8.778920086364838671e-01
8.784038002208374163e-01
8.789141491813692308e-01
8.794025386026520508e-01
8.799280190216312025e-01
8.804503555498400802e-01
8.809810122782990582e-01
8.814782933638216633e-01
8.819735892779133613e-01
8.824619879137441947e-01
8.829713506296945624e-01
8.834579415226250232e-01
8.839555001177001881e-01
8.844451684700901373e-01
8.849271130303628663e-01
8.854369330533466975e-01
8.859294977305712804e-01
8.864245417677059091e-01
8.869065549807910731e-01
8.874168086636678998e-01
8.878851393449644913e-01
8.883778682538037152e-01
8.888547312276927626e-01
8.893631230884967431e-01
8.898526876767050009e-01
8.903503047092790057e-01
8.908212448658292537e-01
8.912967310779275065e-01
8.917968066747677947e-01
8.922900387970202907e-01
8.927889189518772861e-01
8.932728806378704700e-01
8.937462937099830418e-01
8.942005673452170234e-01
8.946735609731004679e-01
8.951519072336068250e-01
8.956328070544417042e-01
8.961093183973234400e-01
8.965905068212325357e-01
8.970946055207261738e-01
8.975917579554471004e-01
8.980758678851866739e-01
8.985450083227919382e-01
8.990174436707539796e-01
8.994981973061110248e-01
8.999765956139742507e-01
9.004378000701220852e-01
9.009020482901921589e-01
9.013698723719709704e-01
9.018572653705486664e-01
9.023521065949527964e-01
9.028370502525785435e-01
9.033193614720281817e-01
9.037819123412177413e-01
9.042557065135239380e-01
9.046968000902986251e-01
9.051583202794107885e-01
9.056441806722107524e-01
9.061098453460653124e-01
9.065531857520532366e-01
9.070218573954903496e-01
9.074865718306708295e-01
9.079608152011513500e-01
9.084088552993704324e-01
9.088687539196462772e-01
9.093102231298566540e-01
9.097799905172812007e-01
9.102561372680403329e-01
9.106944628361562932e-01
9.111796805524308152e-01
9.116393740792828604e-01
9.121215477154073215e-01
9.126016269880344867e-01
9.130650933999927554e-01
9.135238958039071377e-01
9.139833499530681804e-01
9.144383918425174063e-01
9.148851739281879114e-01
9.153497629353888332e-01
9.158059240097549125e-01
9.162791163243515502e-01
9.167263984911424579e-01
9.171939663701658141e-01
9.176763216541270474e-01
9.181453703499103947e-01
9.186230784721387543e-01
9.190935630772917309e-01
9.195381400844793163e-01
9.199830166755793570e-01
9.204413983503370034e-01
9.209080497283792521e-01
9.213785902061848443e-01
9.218379006579748847e-01
9.223110897134730868e-01
9.227631431723648525e-01
9.232123821955434684e-01
9.236807445265312611e-01
9.241421460754726258e-01
9.245761763655233612e-01
9.250268505578693734e-01
9.254642743365019131e-01
9.259071826881443146e-01
9.263730016817894874e-01
9.268096985016156530e-01
9.272419331369446960e-01
9.276824593457568824e-01
9.281369421579749313e-01
9.285641184662970504e-01
9.289905718957615077e-01
9.294289103837652943e-01
9.298689998724963823e-01
9.302906140920386147e-01
9.307542543059530438e-01
9.311864763294599445e-01
9.316706361723527952e-01
9.321150316322419638e-01
9.325571503143795793e-01
9.330119286353870667e-01
9.334538172172371917e-01
9.339103551255747426e-01
9.343519312266405086e-01
9.347983412847041818e-01
9.352396199026830059e-01
9.357086966896532854e-01
9.361191747272711305e-01
9.365513531199791686e-01
9.369879964803793371e-01
9.374396200677327373e-01
9.378849845031131949e-01
9.383304513248323930e-01
9.387717270190021335e-01
9.392020038262794968e-01
9.396619298863192471e-01
9.400895540075777657e-01
9.405463918017048508e-01
9.409684755413080248e-01
9.414073593530544182e-01
9.418343306073018173e-01
9.422634922721453421e-01
9.426724796439229781e-01
9.431081066841235927e-01
9.435517265692262567e-01
9.439706781949229741e-01
9.444176229107433818e-01
9.448524149964829810e-01
9.452833883930061853e-01
9.457125375954275048e-01
9.461255097271227266e-01
9.465710131418775264e-01
9.469992144712237048e-01
9.474710840083730989e-01
9.479019653740403673e-01
9.483450549245872052e-01
9.487654738374328156e-01
9.492166986402346129e-01
9.496482172546795164e-01
9.500736561894119747e-01
9.505251809881737346e-01
9.509504318137735890e-01
9.513917088887499096e-01
9.518393048873766693e-01
9.522887116135556607e-01
9.527058362601715791e-01
9.531503054769318029e-01
9.535956880171846395e-01
9.540484938783494462e-01
9.544803844554055061e-01
9.549119920357581615e-01
9.553601627237910954e-01
9.557929399561883033e-01
9.562319986908980329e-01
9.566631184588216819e-01
9.571017179930524366e-01
9.575428944453331370e-01
9.580009543035535868e-01
9.584372965787841814e-01
9.588819994313247941e-01
9.593178598713836269e-01
9.597277712417844331e-01
9.601696239209489558e-01
9.605998645138007497e-01
9.610452402203479849e-01
9.614804728258118383e-01
9.618797068412010542e-01
9.623180570004158385e-01
9.627393972747965156e-01
9.631788199426308816e-01
9.636143879710405979e-01
9.640458852104027976e-01
9.644656192617044876e-01
9.648813301620390304e-01
9.652891040862731087e-01
9.657174489473345780e-01
9.661652200017902814e-01
9.665786102503615140e-01
9.670099093404037616e-01
9.674488637941376368e-01
9.678584922322851503e-01
9.683141107152454241e-01
9.687699166278593843e-01
9.692005779393670917e-01
9.696157035355917886e-01
9.700458747338474019e-01
9.704877512002001438e-01
9.709239823690702931e-01
9.713635821652197855e-01
9.717802558997488127e-01
9.722122362353048386e-01
9.726506331577052800e-01
9.730959958972913437e-01
9.735253176315350476e-01
9.739857878180866457e-01
9.744408453369309830e-01
9.748571304665417658e-01
9.753037301227961420e-01
9.757162378234525146e-01
9.761515494474685140e-01
9.766211740150982923e-01
9.770546505446516816e-01
9.774826838131268625e-01
9.779149113561402817e-01
9.783569874982771530e-01
9.787567525718878780e-01
9.791613307836666280e-01
9.795988351529164584e-01
9.800268586253230163e-01
9.804397540328813054e-01
9.808869477054722452e-01
9.813278045628388568e-01
9.817940925566359667e-01
9.821952089435511679e-01
9.826312551817675267e-01
9.830532840604876421e-01
9.835130467091077744e-01
9.839381444804441434e-01
9.843911026036186174e-01
9.848275745475750798e-01
9.852764954636709094e-01
9.856950560194396305e-01
9.861145843140375344e-01
9.865553975010173948e-01
9.869692604326946173e-01
9.873971180350691323e-01
9.878378776635723391e-01
9.882844820954073128e-01
9.887147651065454346e-01
9.891579487172670326e-01
9.896044855958090469e-01
9.900441062494321764e-01
9.904686365401533799e-01
9.909129346648916092e-01
9.913323201522870054e-01
9.917734970026996777e-01
9.922126963164165092e-01
9.926610920956902007e-01
9.930888904279547846e-01
9.935276968813322451e-01
9.939908330238580447e-01
9.944418628809249538e-01
9.948585749130496314e-01
9.953125443019774643e-01
9.957790029824414857e-01
9.961996960574119875e-01
9.966369062556681424e-01
9.970529578671576409e-01
9.974864145264691340e-01
9.979221771178111711e-01
9.983643590332991202e-01
9.987974147677710635e-01
9.992471691017325020e-01
9.996956127651261959e-01
1.000158178449450652e+00
1.000599208655304384e+00
1.001028291748951471e+00
1.001454590113660226e+00
1.001889344661273329e+00
1.002331980237128217e+00
1.002774317542514337e+00
1.003235725852510862e+00
1.003643189202095165e+00
1.004094923203926681e+00
1.004542302135219556e+00
1.004969063066793789e+00
1.005414440133490128e+00
1.005879374779022228e+00
1.006301553053648989e+00
1.006772274049495097e+00
1.007209948065575622e+00
1.007633300625536910e+00
1.008075229438414100e+00
1.008503955977223976e+00
1.008951550606471681e+00
1.009402107898775380e+00
1.009832755241417246e+00
1.010269360211248690e+00
1.010716712523584304e+00
1.011144003027831362e+00
1.011592900544068918e+00
1.012011968260179584e+00
1.012458751656235556e+00
1.012911074528185740e+00
1.013357247637902248e+00
1.013812467988929766e+00
1.014259203250696739e+00
1.014703117917161945e+00
1.015141787394779005e+00
1.015594494327827002e+00
1.016027060160903606e+00
1.016498630341184484e+00
1.016948613542380642e+00
1.017402129138236910e+00
1.017875076949606106e+00
1.018330981184849549e+00
1.018773129891718865e+00
1.019228326354291614e+00
1.019678690048053671e+00
1.020133868985604764e+00
1.020563753942197227e+00
1.020993761097156227e+00
1.021447104409720419e+00
1.021908240931529877e+00
1.022359407449082047e+00
1.022812702582798439e+00
1.023261494476369826e+00
1.023702857751296769e+00
1.024168019449566369e+00
1.024612355113443396e+00
1.025051704156682897e+00
1.025496054421780379e+00
1.025933712042593315e+00
1.026385959852845753e+00
1.026874665718911839e+00
1.027333085256932232e+00
1.027774806962529652e+00
1.028223370957674687e+00
1.028677507356062337e+00
1.029138875601250724e+00
1.029591756989004514e+00
1.030045940721824094e+00
1.030510760166158279e+00
1.030971394378481287e+00
1.031383793835179308e+00
1.031829141850243658e+00
1.032303329421647042e+00
1.032764599870264144e+00
1.033225575957889664e+00
1.033698398745051428e+00
1.034134812759432309e+00
1.034577802046320993e+00
1.035032129613594476e+00
1.035504692011028238e+00
1.035962559250865889e+00
1.036417326348517243e+00
1.036874291606431964e+00
1.037317008273827001e+00
1.037787431209827194e+00
1.038242564863168349e+00
1.038681626111126244e+00
1.039169911031618598e+00
1.039629115194837805e+00
1.040091382034476375e+00
1.040575936212490449e+00
1.041031264752908303e+00
1.041505527030473388e+00
1.041974644827243335e+00
1.042464365416356120e+00
1.042925737488771265e+00
1.043422552904689882e+00
1.043897728121423674e+00
1.044385939711315547e+00
1.044851278555793961e+00
1.045301040186008334e+00
1.045789570660419665e+00
1.046255464389347800e+00
1.046733451138001092e+00
1.047233512148545209e+00
1.047693368119776425e+00
1.048154971682562664e+00
1.048635415324241427e+00
1.049095274816980838e+00
1.049571257296551874e+00
1.050007801936132745e+00
1.050488523286415177e+00
1.050970090094178078e+00
1.051444518537094419e+00
1.051880106572753437e+00
1.052377192924193849e+00
1.052867109078823971e+00
1.053349178385472262e+00
1.053835274060528793e+00
1.054344749133775849e+00
1.054829367590361500e+00
1.055307151441988278e+00
1.055769107662819728e+00
1.056271546945465101e+00
1.056768986850070924e+00
1.057218730885236102e+00
1.057721892291719534e+00
1.058210453541741369e+00
1.058666402398334760e+00
1.059144279504310893e+00
1.059623148159184458e+00
1.060129618125768669e+00
1.060625409805344921e+00
1.061117495447184478e+00
1.061613630807218600e+00
1.062109634752675724e+00
1.062620299048258943e+00
1.063109193376141404e+00
1.063586709225163851e+00
1.064083199123995849e+00
1.064574118356374832e+00
1.065073976880527740e+00
1.065581624755904455e+00
1.066077367140451315e+00
1.066598251870586767e+00
1.067097006962415495e+00
1.067600428775210331e+00
1.068119600199217256e+00
1.068637615458411627e+00
1.069136264758643984e+00
1.069647475510880907e+00
1.070144300910005120e+00
1.070652938958767120e+00
1.071172768288918276e+00
1.071664742065473019e+00
1.072160153443465047e+00
1.072655520354890424e+00
1.073169307491097291e+00
1.073661921090005800e+00
1.074183112254381900e+00
1.074695651704923982e+00
1.075222407413536585e+00
1.075740055123513672e+00
1.076276708531483051e+00
1.076793513680895931e+00
1.077308934918936423e+00
1.077845712776122955e+00
1.078361218879308359e+00
1.078882759311890815e+00
1.079391009269080159e+00
1.079916671049598875e+00
1.080449305641665747e+00
1.080990403215004614e+00
1.081511205676250587e+00
1.082038676986318393e+00
1.082564257091070070e+00
1.083069082348930401e+00
1.083620128769719582e+00
1.084187561557865553e+00
1.084720361787588461e+00
1.085248804527611188e+00
1.085764010138706492e+00
1.086276712838259106e+00
1.086791216593074871e+00
1.087303228475382966e+00
1.087836692240042868e+00
1.088380931817332309e+00
1.088903159444844171e+00
1.089429277573408461e+00
1.089949839828709965e+00
1.090468826549062742e+00
1.090995914898220898e+00
1.091538560108581857e+00
1.092083071861573940e+00
1.092636824418325103e+00
1.093194425990310137e+00
1.093732042143097605e+00
1.094285911617328244e+00
1.094864498356719507e+00
1.095404281764896348e+00
1.095943302762382165e+00
1.096499872654954633e+00
1.097073648738098317e+00
1.097618665370984736e+00
1.098185661703590776e+00
1.098732034887368814e+00
1.099306123536055724e+00
1.099852984719827953e+00
1.100417144366673261e+00
1.100943233217098527e+00
1.101527312278283599e+00
1.102106079374666203e+00
1.102664688644084290e+00
1.103203309200716520e+00
1.103773119843769246e+00
1.104350962840451311e+00
1.104912740023502149e+00
1.105472375420908593e+00
1.106064422821989357e+00
1.106664904187944387e+00
1.107227521009364279e+00
1.107815238768759647e+00
1.108372166958771388e+00
1.108942662163360460e+00
1.109533131329658806e+00
1.110108816210079175e+00
1.110684978117719712e+00
1.111293245231181892e+00
1.111871112606104273e+00
1.112471292375378784e+00
1.113052002600761536e+00
1.113651301398138171e+00
1.114236490305398286e+00
1.114854224869675559e+00
1.115447564783716539e+00
1.116046117054771969e+00
1.116650599306442615e+00
1.117236101023693529e+00
1.117833964910284639e+00
1.118449537589301324e+00
1.119020152298140891e+00
1.119602394174509685e+00
1.120232259498648686e+00
1.120834702560052243e+00
1.121457317274356047e+00
1.122075454325371480e+00
1.122669974874483056e+00
1.123287519237523790e+00
1.123945996660891788e+00
1.124554843225029410e+00
1.125170347298300344e+00
1.125783149305457087e+00
1.126401067475382822e+00
1.127021801978858706e+00
1.127672989748988996e+00
1.128308645681221911e+00
1.128904811374967787e+00
1.129526503559272754e+00
1.130153767315314584e+00
1.130777019697063457e+00
1.131395828714442775e+00
1.131982575609786323e+00
1.132631665208566174e+00
1.133281239440877775e+00
1.133921145107218198e+00
1.134553610121445510e+00
1.135217105576324714e+00
1.135839235297397387e+00
1.136488928539078014e+00
1.137136970781294387e+00
1.137807094788445994e+00
1.138474337012282511e+00
1.139130944317656047e+00
1.139787859136563108e+00
1.140442170736111205e+00
1.141133834770696076e+00
1.141783051144351635e+00
1.142449318535723624e+00
1.143147302063419302e+00
1.143844834685814105e+00
1.144526610114525722e+00
1.145200519938211814e+00
1.145874341818572839e+00
1.146556448016943008e+00
1.147247901717876495e+00
1.147951097291703082e+00
1.148662003468101656e+00
1.149342311441249098e+00
1.150033970965119501e+00
1.150700990711735372e+00
1.151386000930231912e+00
1.152098101718477263e+00
1.152807818744957968e+00
1.153550384065846535e+00
1.154244975045896737e+00
1.154946332158937494e+00
1.155672313894231973e+00
1.156409963426151988e+00
1.157134291696155337e+00
1.157877634095323849e+00
1.158617554545532835e+00
1.159317805621058239e+00
1.160048380954015856e+00
1.160802414896556778e+00
1.161515229620929235e+00
1.162247967598541765e+00
1.163019074821322718e+00
1.163789437655240233e+00
1.164564070395395889e+00
1.165309926232171334e+00
1.166087614795564553e+00
1.166856876619321026e+00
1.167658598816919246e+00
1.168389424651202990e+00
1.169171666586519498e+00
1.169963920355860720e+00
1.170736745101534693e+00
1.171492647358745476e+00
1.172239336529678599e+00
1.173065998813278776e+00
1.173868926737573926e+00
1.174710837827223298e+00
1.175511899743319821e+00
1.176269403428058968e+00
1.177061915052972640e+00
1.177883093650533120e+00
1.178700043477460602e+00
1.179492052516789125e+00
1.180326287460189860e+00
1.181142203953753134e+00
1.181987729696369449e+00
1.182820485055926740e+00
1.183653616378717466e+00
1.184510760818012320e+00
1.185385357198185607e+00
1.186246402081451379e+00
1.187065996728780437e+00
1.187853823917104812e+00
1.188644645722196858e+00
1.189566075688308411e+00
1.190489843028513794e+00
1.191350171791952794e+00
1.192251625767372758e+00
1.193172209189088173e+00
1.194072812341367307e+00
1.194941227125146943e+00
1.195875485385833992e+00
1.196796786549822134e+00
1.197702532972803491e+00
1.198636199195225238e+00
1.199549344758526592e+00
1.200477157320708033e+00
1.201427921136578814e+00
1.202370431116652316e+00
1.203329562143630627e+00
1.204273610762202296e+00
1.205229156717783301e+00
1.206177195503018496e+00
1.207164753809608415e+00
1.208169767656771310e+00
1.209142411665948602e+00
1.210109091385014990e+00
1.211058211824837416e+00
1.212068864867323459e+00
1.213012632087853371e+00
1.213957968445466218e+00
1.215006633866152930e+00
1.216039464218224397e+00
1.217085598796823431e+00
1.218102753368260460e+00
1.219081136139600563e+00
1.220178451691951604e+00
1.221162640954903456e+00
1.222232144387562780e+00
1.223278785984201367e+00
1.224381512538469607e+00
1.225537102605271267e+00
1.226679852635168322e+00
1.227736487008822541e+00
1.228903096550096663e+00
1.229999348178188123e+00
1.231150270837664040e+00
1.232310545853897654e+00
1.233472138924845973e+00
1.234651765303513171e+00
1.235835618927720647e+00
1.237039975139444969e+00
1.238224674758328536e+00
1.239449764608925753e+00
1.240652695985333676e+00
1.241904555111221775e+00
1.243157931840814356e+00
1.244428791619718755e+00
1.245661299734205807e+00
1.246872938462282310e+00
1.248185181133851129e+00
1.249503804363667703e+00
1.250846901594602212e+00
1.252211053222944459e+00
1.253538955277307299e+00
1.254913674689383640e+00
1.256241238213084532e+00
1.257611810109425576e+00
1.258899352412556016e+00
1.260374376461174339e+00
1.261747088596195443e+00
1.263255231229005071e+00
1.264723967908306212e+00
1.266278771851522933e+00
1.267740597508898226e+00
1.269344738823222185e+00
1.270899998257775554e+00
1.272480886811630851e+00
1.274018181215909484e+00
1.275582642369535114e+00
1.277222477571324566e+00
1.278861028667204414e+00
1.280512509037451618e+00
1.282149030990168859e+00
1.283819310449209938e+00
1.285518143580592687e+00
1.287262682572272610e+00
1.289016168759568703e+00
1.290757157916477826e+00
1.292591758075052333e+00
1.294309328991362085e+00
1.296140906337041487e+00
1.297997950604036221e+00
1.299928989399007584e+00
1.301919174502434995e+00
1.303890897881806676e+00
1.305846085873274331e+00
1.307947934634525078e+00
1.310014665079462404e+00
1.312079499182359887e+00
1.314196184964592451e+00
1.316421877149408282e+00
1.318688139362290901e+00
1.320998062454951105e+00
1.323305360266647579e+00
1.325785932667706168e+00
1.328336171840739599e+00
1.330961071355135417e+00
1.333546547694972384e+00
1.336266464056053760e+00
1.339088277952795281e+00
1.341919644424473201e+00
1.344885755125625471e+00
1.347781917616704073e+00
1.350764653047323183e+00
1.353979595282881698e+00
1.357219536376986113e+00
1.360441343207035914e+00
1.363880423241211393e+00
1.367503582825785102e+00
1.371297085777309022e+00
1.375046583490754815e+00
1.378988636964323611e+00
1.383219488737895908e+00
1.387458048065960403e+00
1.392023222744216193e+00
1.396533337190729140e+00
1.401614820843102294e+00
1.406872998386849538e+00
1.412122053559530466e+00
1.417932247901013465e+00
1.424223683144828501e+00
1.431187476184618168e+00
1.438191478900757492e+00
1.446711736540353455e+00
1.455668548421615194e+00
1.465884704486734913e+00
1.476498219856501537e+00
1.490111457816940987e+00
1.504388903918005171e+00
1.522565169205225111e+00
1.546629340874476011e+00
1.579816719499206545e+00
1.646231188968607428e+00
