9.135237793886101798e+00
1.972539689691820897e+01
3.021236318423962075e+01
4.052736113042090693e+01
5.126749358569841775e+01
6.147405790585545304e+01
7.004390457773364176e+01
7.996884304392251863e+01
8.988734169194482604e+01
1.013764600180627298e+02
1.119100661340518883e+02
1.222834360801621045e+02
1.323212801768972042e+02
1.421250653924270750e+02
1.555212642143211781e+02
1.660751682419214603e+02
1.758260227115441694e+02
1.883066982053601919e+02
1.986672784883934639e+02
2.082160509684841827e+02
2.190774249789978114e+02
2.289654360798501784e+02
2.394804114084084006e+02
2.506144704523183577e+02
2.615559346559850837e+02
2.718566777902787521e+02
2.810648609412410792e+02
2.919840470730463267e+02
3.007281612701808626e+02
3.105983324504375105e+02
3.214608817465156108e+02
3.317077962923454493e+02
3.425013866406318925e+02
3.516676846517509034e+02
3.633280931110216443e+02
3.731500883830967155e+02
3.836244454522048954e+02
3.950928438107536067e+02
4.050340133840527415e+02
4.152886121361215146e+02
4.253621368425287983e+02
4.352428865594080776e+02
4.467767722502721881e+02
4.574031664900394389e+02
4.681579769825798394e+02
4.803233661501580514e+02
4.917379851524169680e+02
5.035007217099795298e+02
5.141675079858475783e+02
5.266509981343652953e+02
5.366851796368696341e+02
5.473129544476799992e+02
5.570010489764937347e+02
5.675828178882277371e+02
5.793884399727348864e+02
5.909445226163559255e+02
6.029550487484934820e+02
6.133143460344749656e+02
6.233039723671236061e+02
6.338255876771032717e+02
6.454405366598311957e+02
6.588463404105305017e+02
6.696505486386515713e+02
6.796541625292388744e+02
6.904432447128320973e+02
7.002528458801925808e+02
7.105498909559214553e+02
7.214841783176120771e+02
7.322747592690384408e+02
7.428762592253410730e+02
7.545564116215159629e+02
7.620255007842165469e+02
7.726579942472308176e+02
7.844067416619890309e+02
7.958952684205755759e+02
8.089709691273570797e+02
8.190582800824050764e+02
8.302365592042274329e+02
8.401201392562807087e+02
8.504754442273560926e+02
8.615781202585927758e+02
8.718347609766772166e+02
8.821531911950982021e+02
8.933192232283109888e+02
9.040968917718544162e+02
9.152117783319749833e+02
9.283123708149003050e+02
9.398011038773802284e+02
9.506320229616749202e+02
9.615030973643945345e+02
9.703416333477504168e+02
9.767858311872028025e+02
9.841007742635064233e+02
9.909139284474165379e+02
9.947343152069134931e+02
9.974183178210306551e+02
9.988038036338776919e+02
9.993728835118946563e+02
9.994007481513494895e+02
1.000000000000000000e+03
1.000000000000000000e+03
1.000000000000000000e+03
1.000000000000000000e+03
1.000000000000000000e+03
1.000000000000000000e+03
1.000000000000000000e+03
1.000000000000000000e+03
1.000000000000000000e+03
1.000000000000000000e+03
1.000000000000000000e+03
1.000000000000000000e+03
1.000000000000000000e+03
1.000000000000000000e+03
1.000000000000000000e+03
1.000000000000000000e+03
1.000000000000000000e+03
1.000000000000000000e+03
1.000000000000000000e+03
1.000000000000000000e+03
1.000000000000000000e+03
1.000000000000000000e+03
1.000000000000000000e+03
1.000000000000000000e+03
1.000000000000000000e+03
1.000000000000000000e+03
1.000000000000000000e+03
1.000000000000000000e+03
1.000000000000000000e+03
1.000000000000000000e+03
1.000000000000000000e+03
1.000000000000000000e+03
1.000000000000000000e+03
1.000000000000000000e+03
1.000000000000000000e+03
1.000000000000000000e+03
1.000000000000000000e+03
1.000000000000000000e+03
1.000000000000000000e+03
1.000000000000000000e+03
1.000000000000000000e+03
1.000000000000000000e+03
1.000000000000000000e+03
1.000000000000000000e+03
1.000000000000000000e+03
1.000000000000000000e+03
1.000000000000000000e+03
1.000000000000000000e+03
1.000000000000000000e+03
1.000000000000000000e+03
1.000000000000000000e+03
1.000000000000000000e+03
1.000000000000000000e+03
1.000000000000000000e+03
1.000000000000000000e+03
1.000000000000000000e+03
1.000000000000000000e+03
1.000000000000000000e+03
1.000000000000000000e+03
1.000000000000000000e+03
1.000000000000000000e+03
1.000000000000000000e+03
1.000000000000000000e+03
1.000000000000000000e+03
1.000000000000000000e+03
1.000000000000000000e+03
1.000000000000000000e+03
1.000000000000000000e+03
1.000000000000000000e+03
1.000000000000000000e+03
1.000000000000000000e+03
1.000000000000000000e+03
1.000000000000000000e+03
1.000000000000000000e+03
1.000000000000000000e+03
1.000000000000000000e+03
1.000000000000000000e+03
1.000000000000000000e+03
1.000000000000000000e+03
1.000000000000000000e+03
1.000000000000000000e+03
1.000000000000000000e+03
1.000000000000000000e+03
1.000000000000000000e+03
1.000000000000000000e+03
1.000000000000000000e+03
1.000000000000000000e+03
1.000000000000000000e+03
1.000000000000000000e+03
1.000000000000000000e+03
1.000000000000000000e+03
1.000000000000000000e+03
1.000000000000000000e+03
1.000000000000000000e+03
1.000000000000000000e+03
1.000000000000000000e+03
1.000000000000000000e+03
1.000000000000000000e+03
1.000000000000000000e+03
1.000000000000000000e+03
1.000000000000000000e+03
1.000000000000000000e+03
1.000000000000000000e+03
1.000000000000000000e+03
1.000000000000000000e+03
1.000000000000000000e+03
1.000000000000000000e+03
1.000000000000000000e+03
1.000000000000000000e+03
1.000000000000000000e+03
1.000000000000000000e+03
1.000000000000000000e+03
1.000000000000000000e+03
1.000000000000000000e+03
1.000000000000000000e+03
1.000000000000000000e+03
1.000000000000000000e+03
1.000000000000000000e+03
1.000000000000000000e+03
1.000000000000000000e+03
1.000000000000000000e+03
1.000000000000000000e+03
1.000000000000000000e+03
1.000000000000000000e+03
1.000000000000000000e+03
1.000000000000000000e+03
1.000000000000000000e+03
1.000000000000000000e+03
1.000000000000000000e+03
1.000000000000000000e+03
1.000000000000000000e+03
1.000000000000000000e+03
1.000000000000000000e+03
1.000000000000000000e+03
1.000000000000000000e+03
1.000000000000000000e+03
1.000000000000000000e+03
1.000000000000000000e+03
1.000000000000000000e+03
1.000000000000000000e+03
1.000000000000000000e+03
1.000000000000000000e+03
1.000000000000000000e+03
1.000000000000000000e+03
1.000000000000000000e+03
1.000000000000000000e+03
1.000000000000000000e+03
1.000000000000000000e+03
1.000000000000000000e+03
1.000000000000000000e+03
1.000000000000000000e+03
1.000000000000000000e+03
1.000000000000000000e+03
1.000000000000000000e+03
1.000000000000000000e+03
1.000000000000000000e+03
1.000000000000000000e+03
1.000000000000000000e+03
1.000000000000000000e+03
1.000000000000000000e+03
1.000000000000000000e+03
1.000000000000000000e+03
1.000000000000000000e+03
1.000000000000000000e+03
1.000000000000000000e+03
1.000000000000000000e+03
1.000000000000000000e+03
1.000000000000000000e+03
1.000000000000000000e+03
1.000000000000000000e+03
1.000000000000000000e+03
1.000000000000000000e+03
1.000000000000000000e+03
1.000000000000000000e+03
1.000000000000000000e+03
1.000000000000000000e+03
1.000000000000000000e+03
1.000000000000000000e+03
1.000000000000000000e+03
1.000000000000000000e+03
1.000000000000000000e+03
1.000000000000000000e+03
1.000000000000000000e+03
1.000000000000000000e+03
1.000000000000000000e+03
1.000000000000000000e+03
1.000000000000000000e+03
1.000000000000000000e+03
1.000000000000000000e+03
1.000000000000000000e+03
1.000000000000000000e+03
1.000000000000000000e+03
1.000000000000000000e+03
1.000000000000000000e+03
1.000000000000000000e+03
1.000000000000000000e+03
1.000000000000000000e+03
1.000000000000000000e+03
1.000000000000000000e+03
1.000000000000000000e+03
1.000000000000000000e+03
1.000000000000000000e+03
1.000000000000000000e+03
1.000000000000000000e+03
1.000000000000000000e+03
1.000000000000000000e+03
1.000000000000000000e+03
1.000000000000000000e+03
1.000000000000000000e+03
1.000000000000000000e+03
1.000000000000000000e+03
1.000000000000000000e+03
1.000000000000000000e+03
1.000000000000000000e+03
1.000000000000000000e+03
1.000000000000000000e+03
1.000000000000000000e+03
1.000000000000000000e+03
1.000000000000000000e+03
1.000000000000000000e+03
1.000000000000000000e+03
1.000000000000000000e+03
1.000000000000000000e+03
1.000000000000000000e+03
1.000000000000000000e+03
1.000000000000000000e+03
1.000000000000000000e+03
1.000000000000000000e+03
1.000000000000000000e+03
1.000000000000000000e+03
1.000000000000000000e+03
1.000000000000000000e+03
1.000000000000000000e+03
1.000000000000000000e+03
1.000000000000000000e+03
1.000000000000000000e+03
1.000000000000000000e+03
1.000000000000000000e+03
1.000000000000000000e+03
1.000000000000000000e+03
1.000000000000000000e+03
1.000000000000000000e+03
1.000000000000000000e+03
1.000000000000000000e+03
1.000000000000000000e+03
1.000000000000000000e+03
1.000000000000000000e+03
1.000000000000000000e+03
1.000000000000000000e+03
1.000000000000000000e+03
1.000000000000000000e+03
1.000000000000000000e+03
1.000000000000000000e+03
1.000000000000000000e+03
1.000000000000000000e+03
1.000000000000000000e+03
1.000000000000000000e+03
1.000000000000000000e+03
1.000000000000000000e+03
1.000000000000000000e+03
1.000000000000000000e+03
1.000000000000000000e+03
1.000000000000000000e+03
1.000000000000000000e+03
1.000000000000000000e+03
1.000000000000000000e+03
1.000000000000000000e+03
1.000000000000000000e+03
1.000000000000000000e+03
1.000000000000000000e+03
1.000000000000000000e+03
1.000000000000000000e+03
1.000000000000000000e+03
1.000000000000000000e+03
1.000000000000000000e+03
1.000000000000000000e+03
1.000000000000000000e+03
1.000000000000000000e+03
1.000000000000000000e+03
1.000000000000000000e+03
1.000000000000000000e+03
1.000000000000000000e+03
1.000000000000000000e+03
1.000000000000000000e+03
1.000000000000000000e+03
1.000000000000000000e+03
1.000000000000000000e+03
1.000000000000000000e+03
1.000000000000000000e+03
1.000000000000000000e+03
1.000000000000000000e+03
1.000000000000000000e+03
1.000000000000000000e+03
1.000000000000000000e+03
1.000000000000000000e+03
1.000000000000000000e+03
1.000000000000000000e+03
1.000000000000000000e+03
1.000000000000000000e+03
1.000000000000000000e+03
1.000000000000000000e+03
1.000000000000000000e+03
1.000000000000000000e+03
1.000000000000000000e+03
1.000000000000000000e+03
1.000111229729639945e+03
1.000457126226838113e+03
1.001593913565097751e+03
1.004074341486904359e+03
1.007425782185338562e+03
1.012047728367188938e+03
1.017560430664018781e+03
1.025686191628072493e+03
1.033567760803977990e+03
1.042923486315490663e+03
1.052137293623671667e+03
1.061514578280301976e+03
1.072001612567268239e+03
1.083225288098832152e+03
1.095097365017614266e+03
1.105728881507514643e+03
1.116427060748443637e+03
1.128325808709294051e+03
1.139921139334952386e+03
1.150682960844565514e+03
1.162811437686492809e+03
1.173189454393931101e+03
1.184515576931080659e+03
1.196280378253429262e+03
1.208188252809831511e+03
1.220515074198589446e+03
1.232356629285444114e+03
1.243472576010416333e+03
1.255815065502324387e+03
1.265653940594695541e+03
1.277393540644936593e+03
1.288471361312884937e+03
1.299932797426500201e+03
1.310195042641610144e+03
1.320087203021425466e+03
1.330575909903735237e+03
1.342033152967750311e+03
1.354662204405788771e+03
1.366191152893867638e+03
1.377943379992590735e+03
1.388639462933042296e+03
1.398981423841891228e+03
1.409354702165949220e+03
1.420714357896767069e+03
1.432725171843355383e+03
1.443453625277670881e+03
1.455261085487087939e+03
1.465970718905876538e+03
1.477422887236165707e+03
1.490620853815875535e+03
1.502369957851933805e+03
1.514480576500228835e+03
1.525639159893195256e+03
1.537928143584333839e+03
1.550595220781209719e+03
1.562418945794467390e+03
1.573554589668874996e+03
1.585112136514669373e+03
1.595640815362057083e+03
1.605960613478057894e+03
1.615570241902556063e+03
1.627748529686326719e+03
1.638341340774307810e+03
1.649580301220223873e+03
1.661374778549602752e+03
1.671318475444818887e+03
1.683698749094216510e+03
1.692515051348766974e+03
1.703276424058604562e+03
1.714674120302811161e+03
1.726793161003060504e+03
1.739138679210388773e+03
1.750485761447834420e+03
1.763636236710101002e+03
1.776650251369207353e+03
1.788068975473539922e+03
1.797088870529717269e+03
1.809271936235266594e+03
1.821078977008557331e+03
1.836278628453325609e+03
1.847302651597005706e+03
1.859187920988378664e+03
1.871820437926690829e+03
1.882422577736066842e+03
1.891824101302596318e+03
1.903777516336813505e+03
1.916492675643728489e+03
1.930329693208805111e+03
1.940091209394131965e+03
1.950086221669346514e+03
1.963436425709156310e+03
1.990666594104638534e+03
2.030385243918146898e+03
2.104387221085262354e+03
2.254056533411825058e+03
2.614024225370324984e+03
