5.304866129933983876e-01
5.660598875596373203e-01
5.867793507424052812e-01
6.012272726789030797e-01
6.133142531937142428e-01
6.230808300839343339e-01
6.315558603880003785e-01
6.388592135062465260e-01
6.458297779046193732e-01
6.520619699555729731e-01
6.577742845422690499e-01
6.631880046600590051e-01
6.683241797413966845e-01
6.727148000735725386e-01
6.772306799760781093e-01
6.814827666017279073e-01
6.853670523559870498e-01
6.893037528429724059e-01
6.929526204071188022e-01
6.964744727789035084e-01
6.997968913095085064e-01
7.031575336162488865e-01
7.062503140557397918e-01
7.093046786397475545e-01
7.122389646903470872e-01
7.150748233435983980e-01
7.179206606983703498e-01
7.206056391894841706e-01
7.233159843559014979e-01
7.259296518642142093e-01
7.283478651305757001e-01
7.308790832331448772e-01
7.333635324036031911e-01
7.356303015970050430e-01
7.379399114157890738e-01
7.400976449974449034e-01
7.423080116536449058e-01
7.445461628864572523e-01
7.468143365428697722e-01
7.487997347434086626e-01
7.508679335656714970e-01
7.529440482165132842e-01
7.550643911586601975e-01
7.569763770309687612e-01
7.589351272935926929e-01
7.607468258137397576e-01
7.626342853438694558e-01
7.644988067349243188e-01
7.663984763992882643e-01
7.681618282107636198e-01
7.699000512906583049e-01
7.715647711283123433e-01
7.732864987605626572e-01
7.749464528740741542e-01
7.766527238397294974e-01
7.783530146121029336e-01
7.799811810552578217e-01
7.816974081279464137e-01
7.832308361478248493e-01
7.848450151636237049e-01
7.863749207778185646e-01
7.880782924656236643e-01
7.895644861405575199e-01
7.911436545400089004e-01
7.927340757408911642e-01
7.942287052746344056e-01
7.958174822956054495e-01
7.973653999164059814e-01
7.988690413600856299e-01
8.003770481582140883e-01
8.018140594288091227e-01
8.032378625984539777e-01
8.046876011842076792e-01
8.060857339443794345e-01
8.075029955672360371e-01
8.089442631770212833e-01
8.103215784721086168e-01
8.116370755908973722e-01
8.129966263948597005e-01
8.143448523078282708e-01
8.156982570927024945e-01
8.170414502827818559e-01
8.183990147057994546e-01
8.196870467606999222e-01
8.209687392911841908e-01
8.222478256827909782e-01
8.235593212924302575e-01
8.248006377150201018e-01
8.260478471275246592e-01
8.273452490827599703e-01
8.286374032207268758e-01
8.298289427152092390e-01
8.310607650546468772e-01
8.323069201156982899e-01
8.335672725545126838e-01
8.347555762345190145e-01
8.359593199394543817e-01
8.371706975236204995e-01
8.383414023567887785e-01
8.395171519132705873e-01
8.407539993612347384e-01
8.419514026331523793e-01
8.431205275115983833e-01
8.443506109902545465e-01
8.454766301147085272e-01
8.466727119676382696e-01
8.478265702878591270e-01
8.489490348590635893e-01
8.501084566732816095e-01
8.512457302493795508e-01
8.523598307928392792e-01
8.535207984175389173e-01
8.547005173490126451e-01
8.558222324712968510e-01
8.569701188688367832e-01
8.580646279613878269e-01
8.591390678497183853e-01
8.602698021297624509e-01
8.613555822992686739e-01
8.624243596383680543e-01
8.634883882422529355e-01
8.645721647550745903e-01
8.656875546311328939e-01
8.667960702593117128e-01
8.678991486343030637e-01
8.689664979621528618e-01
8.700733878566503376e-01
8.711901829823242016e-01
8.722136653838127307e-01
8.733190097313530131e-01
8.743361463713138493e-01
8.753722206737644118e-01
8.764101358451640289e-01
8.774021404594897211e-01
8.784402637642878542e-01
8.794875936036308239e-01
8.805162936822314990e-01
8.815245065987865614e-01
8.825779314055609559e-01
8.835930423036815196e-01
8.845789168458174645e-01
8.856943554547976882e-01
8.867237021567047073e-01
8.877673187713553959e-01
8.888038538132893018e-01
8.898272092779019316e-01
8.908049777028558269e-01
8.918188005933341822e-01
8.928268420135822003e-01
8.938221129237501339e-01
8.948153671326526393e-01
8.958087392774243263e-01
8.968011167083272950e-01
8.977977919968563869e-01
8.987863154237050178e-01
8.997895123482132496e-01
9.007572067222564538e-01
9.017331819415335126e-01
9.027055702627230227e-01
9.036393061605401122e-01
9.046515361394387167e-01
9.056387429743816275e-01
9.066402380239663161e-01
9.076093767520239108e-01
9.085784022903986568e-01
9.095879409960379025e-01
9.105307719135531386e-01
9.115112699543710395e-01
9.124726524987591958e-01
9.133831104438713266e-01
9.142966402985753804e-01
9.152556750410585362e-01
9.162371003290804561e-01
9.172007006905873450e-01
9.182116740859055382e-01
9.191798677129686679e-01
9.201484180253901579e-01
9.211206860623687431e-01
9.220832795899114309e-01
9.230588007715252452e-01
9.239723475009062881e-01
9.248859541164341502e-01
9.258706706036333722e-01
9.268334191278506662e-01
9.278400388331137227e-01
9.287691926634010775e-01
9.296974478989905588e-01
9.306614165481705836e-01
9.316638038366479302e-01
9.326065291928727907e-01
9.334859100560939371e-01
9.344280100498382202e-01
9.353767357462333676e-01
9.363330362498973880e-01
9.373197278379030717e-01
9.382687209297811970e-01
9.392452274408886748e-01
9.402508578391107763e-01
9.412090176714487111e-01
9.421755343480163747e-01
9.431374160368428683e-01
9.440216358996014190e-01
9.449383095860038884e-01
9.458451146726696290e-01
9.467324970632181591e-01
9.476702164180639265e-01
9.485959980464865327e-01
9.495223965802725985e-01
9.504290561546643312e-01
9.513880665713440044e-01
9.523435607441675943e-01
9.532639286046096228e-01
9.541675994294992469e-01
9.551371072050230948e-01
9.560742566500237682e-01
9.569764294219788026e-01
9.578915593227496084e-01
9.588656743466821286e-01
9.597719809264185775e-01
9.607077145368441151e-01
9.616241837949639493e-01
9.625818905548028104e-01
9.634721431181516582e-01
9.644107607158233231e-01
9.652771258274942534e-01
9.662091545546558358e-01
9.671489567736450965e-01
9.680453121885685963e-01
9.689391679629822951e-01
9.698434574016601140e-01
9.707134012635403320e-01
9.716393632387715362e-01
9.725810995715411522e-01
9.735569968212269831e-01
9.744610292449613631e-01
9.753624522351656001e-01
9.762293318208951076e-01
9.771126044881025541e-01
9.780417638725796836e-01
9.789313977750232487e-01
9.798490614493426953e-01
9.808215985754956678e-01
9.817268061404117452e-01
9.826791072347509370e-01
9.836165255978162048e-01
9.845603766901143139e-01
9.854240232374051889e-01
9.863770657434663969e-01
9.873323916939683587e-01
9.882501885897958527e-01
9.891908876733616074e-01
9.901423221214751269e-01
9.910729118762970913e-01
9.920174686014514576e-01
9.928963538264957700e-01
9.938094501093697186e-01
9.947720951896079633e-01
9.956829240109145163e-01
9.965979332015175718e-01
9.975188490722574075e-01
9.984561879585497346e-01
9.993525524722168818e-01
1.000310334067571860e+00
1.001249528696362523e+00
1.002174021207316246e+00
1.003151374988844768e+00
1.004028409205296235e+00
1.004959070356992390e+00
1.005919278153592833e+00
1.006855126137039980e+00
1.007759584628694638e+00
1.008705132836086094e+00
1.009646473042902448e+00
1.010606747722830434e+00
1.011606761153338363e+00
1.012599936176159510e+00
1.013566812232093328e+00
1.014499485918895605e+00
1.015467768058838649e+00
1.016447277867013277e+00
1.017383643440612273e+00
1.018391360768638343e+00
1.019420618527980826e+00
1.020385244686832005e+00
1.021315523718630214e+00
1.022303453940045292e+00
1.023236940385951366e+00
1.024219872906318329e+00
1.025181011745131210e+00
1.026169248528813860e+00
1.027130537019625756e+00
1.028121162385772003e+00
1.029045033571259760e+00
1.029964963115699517e+00
1.030936469849659920e+00
1.031921048836643040e+00
1.032908804435820782e+00
1.033917673746854726e+00
1.034938935415670169e+00
1.035916132345543694e+00
1.036827741911242162e+00
1.037864731139708452e+00
1.038886873013495249e+00
1.039862099781394544e+00
1.040816562661924349e+00
1.041775745523674912e+00
1.042796136167697396e+00
1.043852233434220400e+00
1.044896592472070784e+00
1.045946946546526979e+00
1.046936409433936177e+00
1.047948715445030432e+00
1.048999676471263687e+00
1.050008632907573736e+00
1.051046610747460752e+00
1.052067488686773578e+00
1.053069160639342527e+00
1.054098635697446218e+00
1.055092208678312549e+00
1.056099970392955223e+00
1.057144626528942588e+00
1.058125217454986888e+00
1.059200071444712954e+00
1.060252702676978576e+00
1.061299108274637248e+00
1.062360746552619473e+00
1.063394894224012788e+00
1.064454088496479711e+00
1.065517029728426435e+00
1.066577057825220942e+00
1.067633462512600273e+00
1.068696996295979584e+00
1.069714863548197004e+00
1.070775198428589148e+00
1.071833699195918088e+00
1.072919109716787611e+00
1.073983255621435706e+00
1.075134554957905220e+00
1.076230224476678154e+00
1.077346123082071339e+00
1.078457350316721852e+00
1.079512930555943662e+00
1.080623339481496803e+00
1.081795088354683410e+00
1.082935865475614268e+00
1.084059026182494945e+00
1.085210262228238687e+00
1.086302857710454983e+00
1.087488818867583307e+00
1.088631892623816988e+00
1.089771586657847680e+00
1.090895098997215484e+00
1.092027402124017943e+00
1.093166764532145896e+00
1.094362459071057669e+00
1.095509826585697954e+00
1.096642307788603610e+00
1.097811115689163231e+00
1.098963292264967251e+00
1.100155128363855095e+00
1.101320747964116276e+00
1.102485408647832843e+00
1.103666366557145562e+00
1.104862868084874661e+00
1.106001611051591116e+00
1.107199789040630877e+00
1.108359936764984566e+00
1.109547256987667430e+00
1.110745604541861775e+00
1.111934258322895275e+00
1.113182854354660467e+00
1.114485639763673763e+00
1.115752510339193426e+00
1.117057542949638549e+00
1.118311865458588406e+00
1.119595902157631384e+00
1.120907025041268712e+00
1.122225209592166983e+00
1.123509808165393586e+00
1.124857053339693769e+00
1.126136412824042976e+00
1.127455499180536780e+00
1.128716533563766999e+00
1.130015376254803972e+00
1.131424938115779932e+00
1.132820919882642219e+00
1.134120249733008290e+00
1.135464955527020647e+00
1.136930241127832142e+00
1.138235930113251415e+00
1.139597964206342962e+00
1.140996701405930347e+00
1.142351725062547008e+00
1.143906331071403049e+00
1.145262398853140740e+00
1.146567530476796382e+00
1.148092499845089209e+00
1.149572108285457972e+00
1.151061258711993496e+00
1.152446052429849210e+00
1.153887179581630562e+00
1.155371162566278365e+00
1.156946742749188406e+00
1.158437455017699014e+00
1.160012319020849780e+00
1.161573143908991357e+00
1.163066404876405002e+00
1.164632687570667180e+00
1.166114476608913764e+00
1.167672723728486961e+00
1.169315714640519754e+00
1.170891303830644326e+00
1.172493118269988255e+00
1.174126582992868428e+00
1.175831681654197602e+00
1.177491191798490044e+00
1.179065466015774222e+00
1.180741298470429745e+00
1.182428200280554398e+00
1.184118455135124703e+00
1.185872064500924861e+00
1.187533059007095826e+00
1.189265816459581737e+00
1.191071959809628655e+00
1.192817009211387225e+00
1.194566288722225478e+00
1.196443119943358946e+00
1.198333919102197553e+00
1.200245095512669113e+00
1.202204965100152734e+00
1.204085632612541978e+00
1.205958105367733291e+00
1.207779636776284304e+00
1.209833240633304552e+00
1.211864924825915679e+00
1.213808810006727246e+00
1.215756030281321287e+00
1.217769326539709374e+00
1.219885938207914133e+00
1.221963661648573618e+00
1.224121212781481116e+00
1.226235609795962134e+00
1.228317269697794867e+00
1.230578305688029284e+00
1.232816296113580679e+00
1.235059130282056161e+00
1.237450000702010389e+00
1.239714965609578945e+00
1.242055147507479473e+00
1.244616655618320689e+00
1.247059942287054302e+00
1.249545594182125852e+00
1.252137715297366727e+00
1.254628687220440408e+00
1.257250657473099054e+00
1.259965317304550858e+00
1.262638734902360227e+00
1.265357506132562593e+00
1.268103297000130247e+00
1.270990437896472702e+00
1.274095729147480816e+00
1.277042862081691377e+00
1.280033419249999360e+00
1.283186312945503893e+00
1.286189778596557476e+00
1.289496050349629330e+00
1.292685343378883411e+00
1.296244277356862318e+00
1.299732323954584157e+00
1.303338045819427471e+00
1.307106132464769477e+00
1.310959734138966271e+00
1.314867372404896040e+00
1.318957782498504372e+00
1.323326781125710783e+00
1.327659596692269739e+00
1.331953480618923935e+00
1.336606913934186291e+00
1.341502041883220642e+00
1.346580722979491274e+00
1.351823434958872694e+00
1.357374479228885988e+00
1.363113835479985880e+00
1.369066221316137533e+00
1.375124205449905546e+00
1.381510509526411079e+00
1.388214587769870390e+00
1.396031362781785079e+00
1.404124456989440439e+00
1.413066762795304188e+00
1.422886399561662074e+00
1.433338252168013138e+00
1.444929757168359252e+00
1.458319577987862159e+00
1.473256907568544882e+00
1.491265009719430878e+00
1.512977240526524936e+00
1.540731805464241155e+00
1.581578788308403372e+00
1.664936154031595228e+00
