1.019396092118254948e+01
1.976995105681636744e+01
3.136870297845879563e+01
4.309024343163786597e+01
5.552144604244443826e+01
6.557814191301795859e+01
7.522524931483295063e+01
8.647634604402998093e+01
9.757783306264205692e+01
1.078367431440574791e+02
1.176741398024875025e+02
1.282130527244054008e+02
1.369964043234411406e+02
1.479602650868897342e+02
1.592302976282502414e+02
1.711886356435680909e+02
1.828541449066174778e+02
1.923962564371695407e+02
2.024580402539683064e+02
2.133463410401148508e+02
2.224181759203237334e+02
2.327330114758851778e+02
2.425613401289439821e+02
2.539005309208070003e+02
2.644621015281371115e+02
2.762877463220756908e+02
2.869844032883413547e+02
2.980412792815797047e+02
3.084474865021153391e+02
3.203529123553475983e+02
3.297848344798109679e+02
3.413479353774395122e+02
3.519379098956123357e+02
3.615710812398754115e+02
3.737965811992756926e+02
3.835713204728941719e+02
3.932825224760607057e+02
4.054244901135315899e+02
4.164090168027601635e+02
4.281566681903418043e+02
4.378311950937987262e+02
4.476534206868998353e+02
4.579181889367530403e+02
4.687500862430997017e+02
4.795540795951621362e+02
4.910248049854357077e+02
5.006597506715060604e+02
5.104129697381124515e+02
5.218148103722419364e+02
5.319778103627313612e+02
5.402772460872745341e+02
5.503804141080659065e+02
5.604217581890633255e+02
5.701498421691597969e+02
5.809875274560514526e+02
5.900813138441301362e+02
6.002669378273673146e+02
6.117754965925033730e+02
6.224362175309937584e+02
6.332538993934311975e+02
6.452265854990650951e+02
6.578733902752386484e+02
6.691468107158971179e+02
6.800469818909310789e+02
6.911118381650949232e+02
7.015791281577800191e+02
7.114531129895580079e+02
7.230291308626623277e+02
7.332619740447834147e+02
7.423068382735800697e+02
7.515528911145831898e+02
7.643401846495864902e+02
7.737186918517129470e+02
7.838053401819098553e+02
7.935893452411563658e+02
8.039115566275131641e+02
8.170711267133068532e+02
8.269148013702305207e+02
8.380076765586746887e+02
8.489735717494714891e+02
8.599788870816655617e+02
8.711570818358126189e+02
8.812886043190482042e+02
8.938271341654050275e+02
9.041865532644135328e+02
9.155453172159402584e+02
9.251056208235542044e+02
9.344380350194970788e+02
9.454856440302708052e+02
9.560845321139249791e+02
9.652168713560281503e+02
9.759363506725607067e+02
9.835460636234228105e+02
9.888700830012735423e+02
9.939936488210835250e+02
9.977109981953445867e+02
9.994766248595565230e+02
1.000000000000000000e+03
1.000000000000000000e+03
1.000000000000000000e+03
1.000000000000000000e+03
1.000000000000000000e+03
1.000000000000000000e+03
1.000000000000000000e+03
1.000000000000000000e+03
1.000000000000000000e+03
1.000000000000000000e+03
1.000000000000000000e+03
1.000000000000000000e+03
1.000000000000000000e+03
1.000000000000000000e+03
1.000000000000000000e+03
1.000000000000000000e+03
1.000000000000000000e+03
1.000000000000000000e+03
1.000000000000000000e+03
1.000000000000000000e+03
1.000000000000000000e+03
1.000000000000000000e+03
1.000000000000000000e+03
1.000000000000000000e+03
1.000000000000000000e+03
1.000000000000000000e+03
1.000000000000000000e+03
1.000000000000000000e+03
1.000000000000000000e+03
1.000000000000000000e+03
1.000000000000000000e+03
1.000000000000000000e+03
1.000000000000000000e+03
1.000000000000000000e+03
1.000000000000000000e+03
1.000000000000000000e+03
1.000000000000000000e+03
1.000000000000000000e+03
1.000000000000000000e+03
1.000000000000000000e+03
1.000000000000000000e+03
1.000000000000000000e+03
1.000000000000000000e+03
1.000000000000000000e+03
1.000000000000000000e+03
1.000000000000000000e+03
1.000000000000000000e+03
1.000000000000000000e+03
1.000000000000000000e+03
1.000000000000000000e+03
1.000000000000000000e+03
1.000000000000000000e+03
1.000000000000000000e+03
1.000000000000000000e+03
1.000000000000000000e+03
1.000000000000000000e+03
1.000000000000000000e+03
1.000000000000000000e+03
1.000000000000000000e+03
1.000000000000000000e+03
1.000000000000000000e+03
1.000000000000000000e+03
1.000000000000000000e+03
1.000000000000000000e+03
1.000000000000000000e+03
1.000000000000000000e+03
1.000000000000000000e+03
1.000000000000000000e+03
1.000000000000000000e+03
1.000000000000000000e+03
1.000000000000000000e+03
1.000000000000000000e+03
1.000000000000000000e+03
1.000000000000000000e+03
1.000000000000000000e+03
1.000000000000000000e+03
1.000000000000000000e+03
1.000000000000000000e+03
1.000000000000000000e+03
1.000000000000000000e+03
1.000000000000000000e+03
1.000000000000000000e+03
1.000000000000000000e+03
1.000000000000000000e+03
1.000000000000000000e+03
1.000000000000000000e+03
1.000000000000000000e+03
1.000000000000000000e+03
1.000000000000000000e+03
1.000000000000000000e+03
1.000000000000000000e+03
1.000000000000000000e+03
1.000000000000000000e+03
1.000000000000000000e+03
1.000000000000000000e+03
1.000000000000000000e+03
1.000000000000000000e+03
1.000000000000000000e+03
1.000000000000000000e+03
1.000000000000000000e+03
1.000000000000000000e+03
1.000000000000000000e+03
1.000000000000000000e+03
1.000000000000000000e+03
1.000000000000000000e+03
1.000000000000000000e+03
1.000000000000000000e+03
1.000000000000000000e+03
1.000000000000000000e+03
1.000000000000000000e+03
1.000000000000000000e+03
1.000000000000000000e+03
1.000000000000000000e+03
1.000000000000000000e+03
1.000000000000000000e+03
1.000000000000000000e+03
1.000000000000000000e+03
1.000000000000000000e+03
1.000000000000000000e+03
1.000000000000000000e+03
1.000000000000000000e+03
1.000000000000000000e+03
1.000000000000000000e+03
1.000000000000000000e+03
1.000000000000000000e+03
1.000000000000000000e+03
1.000000000000000000e+03
1.000000000000000000e+03
1.000000000000000000e+03
1.000000000000000000e+03
1.000000000000000000e+03
1.000000000000000000e+03
1.000000000000000000e+03
1.000000000000000000e+03
1.000000000000000000e+03
1.000000000000000000e+03
1.000000000000000000e+03
1.000000000000000000e+03
1.000000000000000000e+03
1.000000000000000000e+03
1.000000000000000000e+03
1.000000000000000000e+03
1.000000000000000000e+03
1.000000000000000000e+03
1.000000000000000000e+03
1.000000000000000000e+03
1.000000000000000000e+03
1.000000000000000000e+03
1.000000000000000000e+03
1.000000000000000000e+03
1.000000000000000000e+03
1.000000000000000000e+03
1.000000000000000000e+03
1.000000000000000000e+03
1.000000000000000000e+03
1.000000000000000000e+03
1.000000000000000000e+03
1.000000000000000000e+03
1.000000000000000000e+03
1.000000000000000000e+03
1.000000000000000000e+03
1.000000000000000000e+03
1.000000000000000000e+03
1.000000000000000000e+03
1.000000000000000000e+03
1.000000000000000000e+03
1.000000000000000000e+03
1.000000000000000000e+03
1.000000000000000000e+03
1.000000000000000000e+03
1.000000000000000000e+03
1.000000000000000000e+03
1.000000000000000000e+03
1.000000000000000000e+03
1.000000000000000000e+03
1.000000000000000000e+03
1.000000000000000000e+03
1.000000000000000000e+03
1.000000000000000000e+03
1.000000000000000000e+03
1.000000000000000000e+03
1.000000000000000000e+03
1.000000000000000000e+03
1.000000000000000000e+03
1.000000000000000000e+03
1.000000000000000000e+03
1.000000000000000000e+03
1.000000000000000000e+03
1.000000000000000000e+03
1.000000000000000000e+03
1.000000000000000000e+03
1.000000000000000000e+03
1.000000000000000000e+03
1.000000000000000000e+03
1.000000000000000000e+03
1.000000000000000000e+03
1.000000000000000000e+03
1.000000000000000000e+03
1.000000000000000000e+03
1.000000000000000000e+03
1.000000000000000000e+03
1.000000000000000000e+03
1.000000000000000000e+03
1.000000000000000000e+03
1.000000000000000000e+03
1.000000000000000000e+03
1.000000000000000000e+03
1.000000000000000000e+03
1.000000000000000000e+03
1.000000000000000000e+03
1.000000000000000000e+03
1.000000000000000000e+03
1.000000000000000000e+03
1.000000000000000000e+03
1.000000000000000000e+03
1.000000000000000000e+03
1.000000000000000000e+03
1.000000000000000000e+03
1.000000000000000000e+03
1.000000000000000000e+03
1.000000000000000000e+03
1.000000000000000000e+03
1.000000000000000000e+03
1.000000000000000000e+03
1.000000000000000000e+03
1.000000000000000000e+03
1.000000000000000000e+03
1.000000000000000000e+03
1.000000000000000000e+03
1.000000000000000000e+03
1.000000000000000000e+03
1.000000000000000000e+03
1.000000000000000000e+03
1.000000000000000000e+03
1.000000000000000000e+03
1.000000000000000000e+03
1.000000000000000000e+03
1.000000000000000000e+03
1.000000000000000000e+03
1.000000000000000000e+03
1.000000000000000000e+03
1.000000000000000000e+03
1.000000000000000000e+03
1.000000000000000000e+03
1.000000000000000000e+03
1.000000000000000000e+03
1.000000000000000000e+03
1.000000000000000000e+03
1.000000000000000000e+03
1.000000000000000000e+03
1.000000000000000000e+03
1.000000000000000000e+03
1.000000000000000000e+03
1.000000000000000000e+03
1.000000000000000000e+03
1.000000000000000000e+03
1.000000000000000000e+03
1.000000000000000000e+03
1.000000000000000000e+03
1.000000000000000000e+03
1.000000000000000000e+03
1.000000000000000000e+03
1.000000000000000000e+03
1.000000000000000000e+03
1.000000000000000000e+03
1.000000000000000000e+03
1.000000000000000000e+03
1.000000000000000000e+03
1.000000000000000000e+03
1.000000000000000000e+03
1.000000000000000000e+03
1.000000000000000000e+03
1.000000000000000000e+03
1.000000000000000000e+03
1.000000000000000000e+03
1.000000000000000000e+03
1.000000000000000000e+03
1.000000000000000000e+03
1.000000000000000000e+03
1.000000000000000000e+03
1.000000000000000000e+03
1.000000000000000000e+03
1.000000000000000000e+03
1.000000000000000000e+03
1.000000000000000000e+03
1.000000000000000000e+03
1.000000000000000000e+03
1.000000000000000000e+03
1.000000000000000000e+03
1.000000000000000000e+03
1.000000000000000000e+03
1.000000000000000000e+03
1.000000000000000000e+03
1.000000000000000000e+03
1.000000000000000000e+03
1.000000000000000000e+03
1.000000000000000000e+03
1.000000000000000000e+03
1.000000000000000000e+03
1.000000000000000000e+03
1.000000000000000000e+03
1.000000000000000000e+03
1.000000000000000000e+03
1.000000000000000000e+03
1.000000000000000000e+03
1.000000000000000000e+03
1.000000000000000000e+03
1.000100807769356038e+03
1.000468482133480961e+03
1.001675669554323690e+03
1.003162744071878365e+03
1.006727670019943275e+03
1.011835994794142266e+03
1.017136844194067635e+03
1.025088141001892836e+03
1.033863911496244100e+03
1.044222233993673626e+03
1.055382318331773604e+03
1.067424937253305870e+03
1.078670664643922464e+03
1.090296527037268334e+03
1.099931944572202156e+03
1.110616148232121986e+03
1.122266540187596320e+03
1.132215996714945732e+03
1.141921673408716515e+03
1.151955794509916359e+03
1.164233320812511693e+03
1.176364669491065797e+03
1.188458478682766099e+03
1.198806557994151262e+03
1.211267236361200048e+03
1.222680247036171750e+03
1.232546386190034582e+03
1.241999641137896333e+03
1.252714324178518837e+03
1.262748005428263696e+03
1.272655662378123907e+03
1.285184188112158381e+03
1.295218875686499814e+03
1.306112158205100741e+03
1.317426719696851478e+03
1.329722273036896922e+03
1.342693293967444561e+03
1.353611037271560235e+03
1.365442930557522232e+03
1.376637820585845247e+03
1.387754908502730814e+03
1.398208222711657982e+03
1.408251932962300543e+03
1.419478612649233582e+03
1.431313521491674237e+03
1.441218410706318991e+03
1.453185668777782666e+03
1.463323892943863257e+03
1.475291784240061588e+03
1.486224640201898183e+03
1.498687569463651926e+03
1.509730911169001274e+03
1.521369214961293437e+03
1.532801637134683006e+03
1.543266341334592653e+03
1.553806385073138017e+03
1.564531389782426231e+03
1.575013482272252986e+03
1.586513964926655262e+03
1.598877144355941937e+03
1.610770101528773466e+03
1.621557864688879818e+03
1.633272916336598655e+03
1.645653426023483235e+03
1.657813303046468036e+03
1.668888813371909691e+03
1.682026198973871715e+03
1.693324138965107068e+03
1.705886559436714833e+03
1.718642137547923085e+03
1.731194725712619629e+03
1.742782739142014861e+03
1.753821562330731467e+03
1.764594268606640753e+03
1.776042030884835413e+03
1.786208589722007446e+03
1.800190366238350407e+03
1.811586384453176606e+03
1.823243759313139890e+03
1.835858333299987180e+03
1.847344139338741570e+03
1.859277001501721088e+03
1.870671342158358129e+03
1.882215910993457101e+03
1.892076345410251179e+03
1.903371003417806151e+03
1.913515983989545020e+03
1.923742480895661174e+03
1.937598884649177307e+03
1.949685761534894937e+03
1.964970847477906545e+03
1.982742231229132130e+03
2.029733202634233976e+03
2.085820458602516737e+03
2.196855822260703007e+03
2.463857516947628937e+03
