2.123253122005082111e-03
4.105326118493428898e-03
6.160770919173380947e-03
8.183689808542999114e-03
1.008156183401629456e-02
1.206257679982998196e-02
1.429530968407580205e-02
1.640505284125751834e-02
1.848740876650628584e-02
2.048366227401196907e-02
2.253051751153415175e-02
2.452574648980642563e-02
2.657383983512081119e-02
2.871100148428002222e-02
3.083492518834450580e-02
3.286934439925072449e-02
3.495325735557389124e-02
3.699432224352306592e-02
3.909220340662299814e-02
4.113889136058428847e-02
4.323381794180056886e-02
4.527836875723050686e-02
4.737213576963925088e-02
4.943098713169904318e-02
5.152761637135345324e-02
5.356792712065585466e-02
5.565765394853093573e-02
5.781396063775097460e-02
6.002145482441519075e-02
6.223165486922713208e-02
6.432189126065351870e-02
6.637509433682370341e-02
6.858530571755733218e-02
7.070968479875422430e-02
7.281408097651102806e-02
7.505849009576240349e-02
7.722947526770129745e-02
7.938520861639820903e-02
8.146033771635613485e-02
8.369409375198007262e-02
8.598468291697769494e-02
8.819915537543052131e-02
9.038741842319993058e-02
9.246001015408068791e-02
9.462689684649111532e-02
9.680729799601418828e-02
9.903738533285356971e-02
1.012499598382860660e-01
1.034266230900479089e-01
1.057261068141470556e-01
1.078398357019170195e-01
1.100409318954213150e-01
1.123058524216056647e-01
1.145007162799649286e-01
1.166665749689249909e-01
1.188199906108684117e-01
1.210720217876247867e-01
1.232989621705570388e-01
1.255961921674063897e-01
1.279571141674307466e-01
1.303569644863163401e-01
1.326743155144606279e-01
1.350822061230766424e-01
1.372781470982002983e-01
1.396955744897421803e-01
1.419311489429589956e-01
1.442009435583345989e-01
1.464843973570350011e-01
1.487702969937843567e-01
1.511393652903356699e-01
1.535158426559926903e-01
1.560332531535995604e-01
1.582948540671863802e-01
1.606136272269882703e-01
1.630391136445825395e-01
1.654746382931737425e-01
1.678874074147071460e-01
1.702560365879533244e-01
1.725631224490274673e-01
1.750558635531316021e-01
1.775535196224101719e-01
1.799580336422379190e-01
1.823772204858606638e-01
1.848302789854199824e-01
1.873691341250109943e-01
1.897404902569932716e-01
1.920794498807937845e-01
1.945509564418283210e-01
1.971230103833075120e-01
1.995987127517434012e-01
2.020595869906981756e-01
2.045166910913826519e-01
2.070329630016154721e-01
2.094707275740788355e-01
2.119837831875070189e-01
2.144897416565520742e-01
2.167851200161399483e-01
2.192422132191672868e-01
2.217429234307294883e-01
2.242262254729178172e-01
2.266892013110709814e-01
2.292466564963330788e-01
2.316424169304246439e-01
2.341382472549179972e-01
2.367544081930936517e-01
2.393541729246174143e-01
2.419676462739024925e-01
2.444273882762160177e-01
2.469492735993949195e-01
2.495315496121910392e-01
2.520386943361682119e-01
2.546354501410619253e-01
2.573160486489727838e-01
2.599145882482554737e-01
2.625152590877508074e-01
2.652293153136140447e-01
2.678546845901669804e-01
2.704768252740955004e-01
2.730347095050070227e-01
2.755990712258445385e-01
2.784273660283991814e-01
2.809666869953927892e-01
2.835580599796725387e-01
2.862985018735079712e-01
2.889401479446508936e-01
2.915513225297772237e-01
2.941045636783481410e-01
2.966493700400062994e-01
2.991949457096622633e-01
3.017777300781520067e-01
3.045780677087767674e-01
3.071862469709801813e-01
3.100540231876720010e-01
3.127078971229659277e-01
3.153588046994189042e-01
3.181510285360955592e-01
3.208442515878528467e-01
3.236956552094694683e-01
3.264531089958936372e-01
3.291847497901475017e-01
3.319069602568916477e-01
3.346654568226548054e-01
3.374949276881645810e-01
3.402994022761495208e-01
3.430772539619876271e-01
3.460642591237180765e-01
3.488156542964389595e-01
3.517178584127606533e-01
3.546563251023729935e-01
3.574652971676338664e-01
3.603529743208875313e-01
3.632040883012047638e-01
3.659716934032228863e-01
3.688010459589556311e-01
3.717729476783418474e-01
3.748475861279297883e-01
3.777878545861578785e-01
3.805942246455638056e-01
3.836514515854288487e-01
3.866582738251643225e-01
3.896224858806349167e-01
3.925664098959671944e-01
3.956389850312099221e-01
3.986853901856205473e-01
4.017197022701470832e-01
4.045924169902014311e-01
4.075628202211943885e-01
4.104837324233515661e-01
4.135534586716705374e-01
4.165939902160184505e-01
4.194154461601803385e-01
4.223532688219297504e-01
4.254194125077742084e-01
4.282653611536040850e-01
4.312668022342331930e-01
4.343866791370633584e-01
4.372927468729363998e-01
4.403692781585756832e-01
4.434847051461172640e-01
4.464164385448349259e-01
4.495906640353287131e-01
4.527039608907799662e-01
4.559090632924023834e-01
4.589963371508340995e-01
4.621794508382182087e-01
4.651255636647230185e-01
4.683067635287589403e-01
4.715363961707935703e-01
4.748155922570416188e-01
4.780603902291734042e-01
4.813700037717060232e-01
4.846591170037570229e-01
4.878701617257227285e-01
4.912811304967893977e-01
4.945063074314985374e-01
4.977306497164007415e-01
5.011587971008791831e-01
5.045732604092942886e-01
5.080079558262166062e-01
5.113618749971305943e-01
5.148117071244570075e-01
5.182792248354023412e-01
5.217070322634473900e-01
5.249983609141581908e-01
5.284090060946651235e-01
5.318615177485633838e-01
5.352248167497600795e-01
5.385674579170588450e-01
5.418943875417803202e-01
5.453090976469229245e-01
5.487134463848288846e-01
5.523518388177709459e-01
5.556868830982570895e-01
5.592455920968801841e-01
5.627463073365016610e-01
5.658954883160068894e-01
5.694022655490521556e-01
5.729801528188575022e-01
5.764112241451969654e-01
5.798808639710163471e-01
5.834128538478302595e-01
5.871450853247710544e-01
5.908034171952049052e-01
5.944278665088315039e-01
5.980391643925029310e-01
6.016737293413252363e-01
6.054200511899099357e-01
6.089643841160026216e-01
6.126002583631426912e-01
6.163503680724555789e-01
6.197185862286862523e-01
6.235806684457005922e-01
6.273260750252780404e-01
6.312432943981670652e-01
6.348714176819035826e-01
6.385105097521611706e-01
6.423305195001396406e-01
6.460421653693181332e-01
6.498900741230052569e-01
6.537672865357757601e-01
6.578455948044827917e-01
6.616078150190343177e-01
6.652105921911708464e-01
6.693815551777995143e-01
6.733023500412115281e-01
6.773580923238858853e-01
6.813352805143185753e-01
6.850848489845259293e-01
6.888426049404937634e-01
6.929044865843750900e-01
6.968945036770549661e-01
7.009848671919328700e-01
7.049592148203297493e-01
7.088150868809615091e-01
7.129544273844321545e-01
7.170755269136874777e-01
7.212514301300353425e-01
7.251798097926441811e-01
7.293271464590124209e-01
7.334329619723147786e-01
7.376005154116700435e-01
7.416913810300175269e-01
7.460445528210221111e-01
7.501504991177997406e-01
7.542355439036272369e-01
7.585699141622764818e-01
7.627032502402912861e-01
7.670125107855914059e-01
7.712388455366512297e-01
7.755382025030815862e-01
7.799556396259434976e-01
7.840559471888418619e-01
7.884222859815731566e-01
7.928446504385231464e-01
7.970803452067103390e-01
8.014386111487034059e-01
8.058299941371038777e-01
8.102651417320827498e-01
8.148557003061257520e-01
8.194166781108588316e-01
8.239043648735711045e-01
8.284232387762581196e-01
8.330700514031345039e-01
8.376104765992480328e-01
8.421454261420566745e-01
8.467133520797195390e-01
8.513499542573857992e-01
8.560691229915209366e-01
8.607306621543949765e-01
8.658896741453476764e-01
8.705972995689246208e-01
8.755846856477056406e-01
8.805415590629109834e-01
8.852507280093759867e-01
8.898846247053083802e-01
8.947802252065125694e-01
8.994633701220082767e-01
9.042734991797869437e-01
9.091758308165517333e-01
9.140171122367708456e-01
9.191003789520295619e-01
9.238565532360597521e-01
9.288127873496468956e-01
9.337336259057938959e-01
9.390206391439428479e-01
9.442399164307091475e-01
9.493395676223673751e-01
9.547031811656087052e-01
9.599248441764892670e-01
9.651621940054120330e-01
9.703487498650504861e-01
9.755323752702266260e-01
9.809745935833834585e-01
9.865298173481309441e-01
9.919077761593271259e-01
9.970570675396600580e-01
1.002598393353292483e+00
1.008128607940501187e+00
1.013619244927945307e+00
1.019002430335813836e+00
1.024511159129563032e+00
1.030125668910840897e+00
1.035799365697207541e+00
1.041376966857452402e+00
1.046924866679918908e+00
1.052429511540204699e+00
1.058341852710786180e+00
1.064120472873798962e+00
1.069893437916715095e+00
1.075456824744217554e+00
1.081375800045183189e+00
1.087620550293696864e+00
1.093536835426887288e+00
1.099644980211120560e+00
1.105737431077219002e+00
1.111647948999644697e+00
1.117505378783074210e+00
1.123887975296570030e+00
1.129886916805138197e+00
1.136034433874923977e+00
1.142335329896452478e+00
1.148780509855974685e+00
1.155489643086137885e+00
1.162367077096331691e+00
1.168806374539993920e+00
1.174871367206226314e+00
1.181791841499851614e+00
1.188326686512215513e+00
1.194888248734223835e+00
1.201571162774617729e+00
1.208404856184239540e+00
1.215161370030424459e+00
1.221929100372244337e+00
1.229089508598241620e+00
1.235787444935742219e+00
1.242781303992628317e+00
1.249714860798160077e+00
1.256866937900344094e+00
1.263532963282640420e+00
1.270689233955507147e+00
1.277742927983768872e+00
1.284755249140978384e+00
1.292269116057881417e+00
1.299981936702164331e+00
1.307189999164419358e+00
1.314847317723289111e+00
1.322538327592368779e+00
1.330171720050920880e+00
1.337671398410442913e+00
1.345024515421411104e+00
1.352751173674765717e+00
1.360354446535384287e+00
1.368076014694678433e+00
1.375434779375719785e+00
1.383186670224617165e+00
1.390896343994265649e+00
1.399273448103156570e+00
1.407305594757291889e+00
1.415187300453980557e+00
1.423184165720759564e+00
1.432041584608158002e+00
1.440920603507432007e+00
1.449256978799905671e+00
1.457437767898402070e+00
1.465938730512765131e+00
1.474342525913154178e+00
1.483139840706051205e+00
1.491889824101441553e+00
1.500663411676966819e+00
1.509670473012769687e+00
1.518564713877044392e+00
1.527551387250522863e+00
1.536680085149429553e+00
1.545945564529879857e+00
1.554878089204367653e+00
1.564604738736966594e+00
1.574564136209198217e+00
1.584000076046752081e+00
1.594368376836265755e+00
1.603942825477221001e+00
1.613731184398170981e+00
1.623957701910923701e+00
1.634541903386465433e+00
1.645060996893425775e+00
1.655328792727837062e+00
1.665941022507911429e+00
1.677307417482221785e+00
1.687883043998651855e+00
1.698958667858697646e+00
1.709870076451424525e+00
1.721318496234129025e+00
1.732391271616270600e+00
1.743855051041634852e+00
1.755411518543594340e+00
1.767633146690284374e+00
1.779128123022589270e+00
1.790752263341414796e+00
1.801971213574657726e+00
1.813569610489530026e+00
1.825511099720757979e+00
1.837977541848641483e+00
1.851181172051028501e+00
1.864093067498916012e+00
1.876884621253935626e+00
1.889805212369057408e+00
1.902673047190607036e+00
1.916180983217022904e+00
1.930486308604822066e+00
1.944313263764491984e+00
1.958274723848915322e+00
1.972490759954167894e+00
1.987937222082795330e+00
2.002078003575299192e+00
2.017389923449753653e+00
2.033243911391970471e+00
2.048207230437680160e+00
2.064407494646261387e+00
2.079560942821716996e+00
2.095920113713982236e+00
2.113046569269501074e+00
2.130009120058737881e+00
2.146449777699308559e+00
2.162871466119060226e+00
2.180408421049934820e+00
2.197220994613688472e+00
2.215575464551153395e+00
2.233533000765057785e+00
2.252456589045076729e+00
2.272091307289047624e+00
2.292465218847903330e+00
2.312342551239809918e+00
2.332026383224692800e+00
2.352558531840795109e+00
2.373871671457625343e+00
2.395670688113444857e+00
2.416944011197182718e+00
2.440097909334138837e+00
2.463142212589812363e+00
2.486536737808392239e+00
2.511653370290603426e+00
2.537490494425561405e+00
2.563157487546060764e+00
2.588516117888020496e+00
2.614844723578887198e+00
2.643965256833517685e+00
2.674116017360296027e+00
2.702821589512891975e+00
2.735177208429671936e+00
2.766667503277357110e+00
2.796894584140181106e+00
2.828948367017553700e+00
2.862735817957579698e+00
2.897535991129533084e+00
2.934141403028674766e+00
2.972835268319775182e+00
3.010219095941001122e+00
3.052854846049801729e+00
3.098504202447879496e+00
3.141739822116749625e+00
3.188026943256830670e+00
3.236915016756047425e+00
3.288321445015840450e+00
3.345495473008696319e+00
3.401761449259506076e+00
3.464296642672742177e+00
3.533904841538652697e+00
3.603937662147357557e+00
3.679673202127822229e+00
3.764957101867381972e+00
3.860473372091874911e+00
3.960527448266065065e+00
4.073579295535316724e+00
4.196203259924868867e+00
4.341625499876728966e+00
4.504471495871593234e+00
4.707747710745342040e+00
4.964790759175318868e+00
5.293976921164685656e+00
5.802882053358900727e+00
6.833817060150816580e+00
