5.288795160954063990e-01
5.665765065103700593e-01
5.869008539785599554e-01
6.013370785465506074e-01
6.130822189291066371e-01
6.229509437423709217e-01
6.316284978941584249e-01
6.390886076032340490e-01
6.460694266540620845e-01
6.523562918993468518e-01
6.579460710050695216e-01
6.634274821725409943e-01
6.685687020047403895e-01
6.731580803228794929e-01
6.773526654868669006e-01
6.815365940660189636e-01
6.854933946590684446e-01
6.892688086094237443e-01
6.929815127164563604e-01
6.963969044554479959e-01
6.998120720056628663e-01
7.029128363594436824e-01
7.059725047664991981e-01
7.089194671330487640e-01
7.119445736033531702e-01
7.147868477979475443e-01
7.175812322995464010e-01
7.202749062539917091e-01
7.231441643909450878e-01
7.257789692613842991e-01
7.283152659032412490e-01
7.306884897717064176e-01
7.331988052992812754e-01
7.355905095374748459e-01
7.379199672161628198e-01
7.402085976214791696e-01
7.424299626128790797e-01
7.446025180112603170e-01
7.466886430051232759e-01
7.487518268243601449e-01
7.508443560436945940e-01
7.528651630898288705e-01
7.549260452655024434e-01
7.569074216134740185e-01
7.589379321360085751e-01
7.608776828057869368e-01
7.627782952936634775e-01
7.646673391201787018e-01
7.664393439964537480e-01
7.681739213055135407e-01
7.700379290335012117e-01
7.718092151596400718e-01
7.735190922428047955e-01
7.751782902034627387e-01
7.768848405656479938e-01
7.785724758600317541e-01
7.802229873695354367e-01
7.817885185301430839e-01
7.834375257093285638e-01
7.850435050903576961e-01
7.867048339226946352e-01
7.883021293539569374e-01
7.898900388542431372e-01
7.914438099089888823e-01
7.930692732994903960e-01
7.946154260152128446e-01
7.961605217435541171e-01
7.976520251348442336e-01
7.991170463701274818e-01
8.005257773869988158e-01
8.020202603187642776e-01
8.034721837204487072e-01
8.048945962304236978e-01
8.063085227952508927e-01
8.077635602242256851e-01
8.091645310855957174e-01
8.105428967454514355e-01
8.118711478520347358e-01
8.132695480925595799e-01
8.145956045067020979e-01
8.159265170960053881e-01
8.172458939666049638e-01
8.185393582895129638e-01
8.198430349281310425e-01
8.211208796509908980e-01
8.223484028340389829e-01
8.236972130301555284e-01
8.249496846402833983e-01
8.262317835694042989e-01
8.275445575822386601e-01
8.287967686378456822e-01
8.300821656869139531e-01
8.312599853245536963e-01
8.324824846706292414e-01
8.337179464561549347e-01
8.349513991783741318e-01
8.361636653011986775e-01
8.373631507081650271e-01
8.386006248957050824e-01
8.397713334861307555e-01
8.409734505543640104e-01
8.421095704618475342e-01
8.432820399649922916e-01
8.444116219840944737e-01
8.455815610064036925e-01
8.467627875163502571e-01
8.479379470838038779e-01
8.491331922497487028e-01
8.502665083731687501e-01
8.514089755254083958e-01
8.525552419976700769e-01
8.536830050222139477e-01
8.548187351679374935e-01
8.559062322037260806e-01
8.571140969303475687e-01
8.581494800356006536e-01
8.593052626376901371e-01
8.604306349145657284e-01
8.615474932368448746e-01
8.626706518547231362e-01
8.637636887706485744e-01
8.648753684263960073e-01
8.659920191345499285e-01
8.671129424269403696e-01
8.681609812650737945e-01
8.692220124254916858e-01
8.703320194396038101e-01
8.713342828245924654e-01
8.723496316236530879e-01
8.734468060036287840e-01
8.744251641258397045e-01
8.754685873827383613e-01
8.764779617491640362e-01
8.775505367607127072e-01
8.785893660292144469e-01
8.796120917481092816e-01
8.806549687574993790e-01
8.817415384084221763e-01
8.827776098849480224e-01
8.838209563936868518e-01
8.847998441506408351e-01
8.858327660963298822e-01
8.868097997611269490e-01
8.878001359859778452e-01
8.888097164657110527e-01
8.897724708898105961e-01
8.907875386364965120e-01
8.918481975219156865e-01
8.929059669587879888e-01
8.938669005385927457e-01
8.949028529505668184e-01
8.959557055904546763e-01
8.968480752377595566e-01
8.978609755637323442e-01
8.988622562249714010e-01
8.997982463892020277e-01
9.007898388117526745e-01
9.017672569141992334e-01
9.027586551062791731e-01
9.036971979377658171e-01
9.046694466702657200e-01
9.055873480540380660e-01
9.065826801888080544e-01
9.075428230139508390e-01
9.085355345897815349e-01
9.095074456670461105e-01
9.105007311954067539e-01
9.114604669325939712e-01
9.123788595923291167e-01
9.133289809430845674e-01
9.142920183204231721e-01
9.151884978802501402e-01
9.161347834638812193e-01
9.170775126463962534e-01
9.180166289013339531e-01
9.189483150666581945e-01
9.198731274201432662e-01
9.208304047583740770e-01
9.217862334108671840e-01
9.227424131416341879e-01
9.237599441242360099e-01
9.246593758034203914e-01
9.256052883432613898e-01
9.266063740912678925e-01
9.275479660969152551e-01
9.284780582438193486e-01
9.294121339837411178e-01
9.303268764013910008e-01
9.312530010944972680e-01
9.322069764205994646e-01
9.331296677930747130e-01
9.340565110012587491e-01
9.350272914004117419e-01
9.359069156437734849e-01
9.367977223467460757e-01
9.376814205576153860e-01
9.386197804074185580e-01
9.395628699226579172e-01
9.405237224833046250e-01
9.414753913753084458e-01
9.424002874360845050e-01
9.433517806859721411e-01
9.442883079975065153e-01
9.452472933174750347e-01
9.462187813934366254e-01
9.471709766182822010e-01
9.480693585821124980e-01
9.490014405787512430e-01
9.499450194634312394e-01
9.508637427939315989e-01
9.518175191743850627e-01
9.527339887994376033e-01
9.536766413264748943e-01
9.545895349084048132e-01
9.555465201906570005e-01
9.564860910105600356e-01
9.574139558244465498e-01
9.583434896182805307e-01
9.592760399284527839e-01
9.601998514811412866e-01
9.611095247308507616e-01
9.620173864990370083e-01
9.629452871321333429e-01
9.638277724367511068e-01
9.647726074107303429e-01
9.657023580210255531e-01
9.665977305465750513e-01
9.675165025143049879e-01
9.684129645800874098e-01
9.693354026363748543e-01
9.702220519591973069e-01
9.711642630106432916e-01
9.721422957990684122e-01
9.730667095000834488e-01
9.739710366516519668e-01
9.749136351628576724e-01
9.758642091293808774e-01
9.767760563634557691e-01
9.777299137879731372e-01
9.786629781233165959e-01
9.796397382785589913e-01
9.805235991155558661e-01
9.814257843463654041e-01
9.824106212517299541e-01
9.833641338024090572e-01
9.842860847675530822e-01
9.852262722866729217e-01
9.861050642124609134e-01
9.870720576581174521e-01
9.879840549390433990e-01
9.889669306079098554e-01
9.899331442557958161e-01
9.908162143010074141e-01
9.917578598256704403e-01
9.926601914957896566e-01
9.936191420397779694e-01
9.945226245367718709e-01
9.954518613835762197e-01
9.964735062755329942e-01
9.974065479206997153e-01
9.983361038395344167e-01
9.993211987434766908e-01
1.000322694487947750e+00
1.001267594996363419e+00
1.002218741320758166e+00
1.003184632740355298e+00
1.004128338763898398e+00
1.005056754578768308e+00
1.005986146990814012e+00
1.006932202218833172e+00
1.007933965003231069e+00
1.008897100833147320e+00
1.009845231919636932e+00
1.010863449913756984e+00
1.011805027696087489e+00
1.012743570204646115e+00
1.013672762425803731e+00
1.014603229948073837e+00
1.015550798634154983e+00
1.016549748600456660e+00
1.017524719776945252e+00
1.018537689923614042e+00
1.019495267917947423e+00
1.020452001622550675e+00
1.021382478889019119e+00
1.022324277445519014e+00
1.023257202329288074e+00
1.024236198793598174e+00
1.025226469462674039e+00
1.026152430607822907e+00
1.027158125303959002e+00
1.028204261632461369e+00
1.029197001759385000e+00
1.030103120123012861e+00
1.031066804463229847e+00
1.032024693623823319e+00
1.032998955108464845e+00
1.033987395952650656e+00
1.034985564178130479e+00
1.035949007109660203e+00
1.036901874397151646e+00
1.037909103439990099e+00
1.038876713671747387e+00
1.039899529536303602e+00
1.040925767431363669e+00
1.042011893010437618e+00
1.043028970797562627e+00
1.044032044278748073e+00
1.045069201846757778e+00
1.046064179904825364e+00
1.047151795049926948e+00
1.048139744434470666e+00
1.049193034038460315e+00
1.050216597433167420e+00
1.051208384974019694e+00
1.052254927712519494e+00
1.053267746372551716e+00
1.054276878371472881e+00
1.055242831391855374e+00
1.056263156903939349e+00
1.057273581131254803e+00
1.058352019813694866e+00
1.059387433061974804e+00
1.060438297450236211e+00
1.061425857855406774e+00
1.062499698628830425e+00
1.063609742947150050e+00
1.064695311432330316e+00
1.065737143719576840e+00
1.066800418414095564e+00
1.067863794987361725e+00
1.068903043155620347e+00
1.069964675680455279e+00
1.071034269502800340e+00
1.072127818469655880e+00
1.073193412891429777e+00
1.074262191769300712e+00
1.075410596447310185e+00
1.076504274870380806e+00
1.077685204675868924e+00
1.078749791921600698e+00
1.079865332124980482e+00
1.081009866220028925e+00
1.082097070607994649e+00
1.083177587461248148e+00
1.084297205204471481e+00
1.085407850082673598e+00
1.086520734497192553e+00
1.087683680530620034e+00
1.088793210769256170e+00
1.089957560360661937e+00
1.091083241188895325e+00
1.092316978253574877e+00
1.093437558334427129e+00
1.094632710131365538e+00
1.095775440614721985e+00
1.096956357286272610e+00
1.098090749334009741e+00
1.099293172884749481e+00
1.100492531138189456e+00
1.101712662809424925e+00
1.102883312280148465e+00
1.104068426559255967e+00
1.105252264578208576e+00
1.106437844097648338e+00
1.107618390293838129e+00
1.108817582886880260e+00
1.110034779575908903e+00
1.111268370448731835e+00
1.112488950647275265e+00
1.113695067163872787e+00
1.114913817250768213e+00
1.116205674179042706e+00
1.117472773979434342e+00
1.118666186526936723e+00
1.120023005076073552e+00
1.121381062705124609e+00
1.122627120973965109e+00
1.123960393592465579e+00
1.125367308852543990e+00
1.126664990843538661e+00
1.127902166835289544e+00
1.129301323801162216e+00
1.130650232871443173e+00
1.131985581861677748e+00
1.133356169773818589e+00
1.134723036158340026e+00
1.136128040108875359e+00
1.137496660754984346e+00
1.138854415107573459e+00
1.140214957525043760e+00
1.141536925708480643e+00
1.142969292709772988e+00
1.144320446005644865e+00
1.145695577501897100e+00
1.147133387194182008e+00
1.148616970569969364e+00
1.150052307271957730e+00
1.151487027278101039e+00
1.152857047850959882e+00
1.154316353116832117e+00
1.155783249471337593e+00
1.157227230513899308e+00
1.158781853233655124e+00
1.160373608302737836e+00
1.161877507495599371e+00
1.163349253662831151e+00
1.164797477441159135e+00
1.166424975450720769e+00
1.168026517366792527e+00
1.169557407430915630e+00
1.171114994564707246e+00
1.172699670301989849e+00
1.174218476526958321e+00
1.175853183005234337e+00
1.177526282033861449e+00
1.179178260355421504e+00
1.180841698811628371e+00
1.182574032527206720e+00
1.184289096848849088e+00
1.185990811168944781e+00
1.187773267424851564e+00
1.189495801852556545e+00
1.191272966320414461e+00
1.193081045994696998e+00
1.194892086910198215e+00
1.196610643266492247e+00
1.198467805886168192e+00
1.200350188716756028e+00
1.202263176503101771e+00
1.204185790827583258e+00
1.206085791565385090e+00
1.208001359371791539e+00
1.209899320340494633e+00
1.211760803102022388e+00
1.213906641709685319e+00
1.216002438785529272e+00
1.218036446807568840e+00
1.220110334962891230e+00
1.222244474050140361e+00
1.224430000795232454e+00
1.226520291197993995e+00
1.228680579323223165e+00
1.230912896239624521e+00
1.233197171858214425e+00
1.235397687493873464e+00
1.237772760412988227e+00
1.240057229379331938e+00
1.242425473405547320e+00
1.244791625975008253e+00
1.247290427631670084e+00
1.249705898338748122e+00
1.252246377382019826e+00
1.254724632727245215e+00
1.257458258526137573e+00
1.259992256750608997e+00
1.262740946496299532e+00
1.265413902191848239e+00
1.268253360897580118e+00
1.271138305945458180e+00
1.273816056280043796e+00
1.276755032754486541e+00
1.279833472950564266e+00
1.282965471308790573e+00
1.286228226638159278e+00
1.289422467302301589e+00
1.292782412711978246e+00
1.296085527399479354e+00
1.299458201860659523e+00
1.302933625599349110e+00
1.306440674787503697e+00
1.310202906107364340e+00
1.314224294533672621e+00
1.318011413458885173e+00
1.322281474955443681e+00
1.326545528696854159e+00
1.331262453362948683e+00
1.336010049571906499e+00
1.340815549368055137e+00
1.345682632469830553e+00
1.350756869850555431e+00
1.356431167263358883e+00
1.361913836758079643e+00
1.368144555442504906e+00
1.374528418686209230e+00
1.381498339721681345e+00
1.388573136045814671e+00
1.396014341372485923e+00
1.404232123606400151e+00
1.413048423410974141e+00
1.422284642900827567e+00
1.432546325570468682e+00
1.443490729594701039e+00
1.457306150926902300e+00
1.472489298380692757e+00
1.490324136690349910e+00
1.512120734829583535e+00
1.538961725229105681e+00
1.580510110634841370e+00
1.658264270217365555e+00
