1.077229982985221568e+01
2.205204746231557777e+01
3.249151083077002511e+01
4.350382380100290192e+01
5.467596778267518687e+01
6.438149436448189533e+01
7.589136746587759319e+01
8.759837178907555710e+01
9.986544147659374460e+01
1.096629725023416171e+02
1.222689739410224661e+02
1.322106849967096309e+02
1.448466919661374561e+02
1.575736191064540321e+02
1.693651753042249481e+02
1.819846996648425659e+02
1.954097628441427048e+02
2.075284596525802385e+02
2.187759887350646011e+02
2.331882508504313876e+02
2.456058297181273815e+02
2.572377093798057217e+02
2.688348524328155236e+02
2.795143221728637286e+02
2.922562629391861151e+02
3.040303507694394511e+02
3.167035307095680992e+02
3.314650704747027135e+02
3.454802224833834998e+02
3.572757633979040861e+02
3.700555960578564054e+02
3.812876796253848966e+02
3.913029377288372075e+02
4.021755595213170409e+02
4.126401369686272460e+02
4.249376781217015377e+02
4.382298101100490157e+02
4.500865408015466755e+02
4.611860437241534214e+02
4.721850394997300668e+02
4.827284779230539584e+02
4.945248372924477849e+02
5.061048623281908476e+02
5.161269606810528785e+02
5.266615054785878556e+02
5.371884117170732225e+02
5.491245059514568538e+02
5.633406048892919671e+02
5.751219511616097861e+02
5.888424638521534007e+02
6.013134206125446326e+02
6.118321481078743318e+02
6.239770303703733134e+02
6.340133837796917078e+02
6.441291120168533553e+02
6.550405317201673370e+02
6.667639102906753124e+02
6.785286795103722852e+02
6.909309245741492305e+02
7.021383772505371326e+02
7.131272500620792698e+02
7.270776779121822528e+02
7.389470743183129571e+02
7.501596258352778932e+02
7.619243535563639398e+02
7.732773896235003122e+02
7.856085954930105117e+02
7.970243082457118362e+02
8.073764996914665062e+02
8.180811179218488860e+02
8.297227715011074451e+02
8.408877920343029473e+02
8.519817428317493295e+02
8.640297773659041241e+02
8.747999376893359340e+02
8.871073356228328066e+02
8.966337259724563182e+02
9.094086228674718768e+02
9.205661246825833359e+02
9.323774956035836112e+02
9.429449525501692051e+02
9.531196248168387228e+02
9.625248842395371867e+02
9.710346579157353517e+02
9.769881897256342427e+02
9.839033948427667156e+02
9.895228253400211997e+02
9.927401331984129911e+02
9.963773476140954699e+02
9.986393017555953975e+02
9.996357180894877956e+02
1.000000000000000000e+03
1.000000000000000000e+03
1.000000000000000000e+03
1.000000000000000000e+03
1.000000000000000000e+03
1.000000000000000000e+03
1.000000000000000000e+03
1.000000000000000000e+03
1.000000000000000000e+03
1.000000000000000000e+03
1.000000000000000000e+03
1.000000000000000000e+03
1.000000000000000000e+03
1.000000000000000000e+03
1.000000000000000000e+03
1.000000000000000000e+03
1.000000000000000000e+03
1.000000000000000000e+03
1.000000000000000000e+03
1.000000000000000000e+03
1.000000000000000000e+03
1.000000000000000000e+03
1.000000000000000000e+03
1.000000000000000000e+03
1.000000000000000000e+03
1.000000000000000000e+03
1.000000000000000000e+03
1.000000000000000000e+03
1.000000000000000000e+03
1.000000000000000000e+03
1.000000000000000000e+03
1.000000000000000000e+03
1.000000000000000000e+03
1.000000000000000000e+03
1.000000000000000000e+03
1.000000000000000000e+03
1.000000000000000000e+03
1.000000000000000000e+03
1.000000000000000000e+03
1.000000000000000000e+03
1.000000000000000000e+03
1.000000000000000000e+03
1.000000000000000000e+03
1.000000000000000000e+03
1.000000000000000000e+03
1.000000000000000000e+03
1.000000000000000000e+03
1.000000000000000000e+03
1.000000000000000000e+03
1.000000000000000000e+03
1.000000000000000000e+03
1.000000000000000000e+03
1.000000000000000000e+03
1.000000000000000000e+03
1.000000000000000000e+03
1.000000000000000000e+03
1.000000000000000000e+03
1.000000000000000000e+03
1.000000000000000000e+03
1.000000000000000000e+03
1.000000000000000000e+03
1.000000000000000000e+03
1.000000000000000000e+03
1.000000000000000000e+03
1.000000000000000000e+03
1.000000000000000000e+03
1.000000000000000000e+03
1.000000000000000000e+03
1.000000000000000000e+03
1.000000000000000000e+03
1.000000000000000000e+03
1.000000000000000000e+03
1.000000000000000000e+03
1.000000000000000000e+03
1.000000000000000000e+03
1.000000000000000000e+03
1.000000000000000000e+03
1.000000000000000000e+03
1.000000000000000000e+03
1.000000000000000000e+03
1.000000000000000000e+03
1.000000000000000000e+03
1.000000000000000000e+03
1.000000000000000000e+03
1.000000000000000000e+03
1.000000000000000000e+03
1.000000000000000000e+03
1.000000000000000000e+03
1.000000000000000000e+03
1.000000000000000000e+03
1.000000000000000000e+03
1.000000000000000000e+03
1.000000000000000000e+03
1.000000000000000000e+03
1.000000000000000000e+03
1.000000000000000000e+03
1.000000000000000000e+03
1.000000000000000000e+03
1.000000000000000000e+03
1.000000000000000000e+03
1.000000000000000000e+03
1.000000000000000000e+03
1.000000000000000000e+03
1.000000000000000000e+03
1.000000000000000000e+03
1.000000000000000000e+03
1.000000000000000000e+03
1.000000000000000000e+03
1.000000000000000000e+03
1.000000000000000000e+03
1.000000000000000000e+03
1.000000000000000000e+03
1.000000000000000000e+03
1.000000000000000000e+03
1.000000000000000000e+03
1.000000000000000000e+03
1.000000000000000000e+03
1.000000000000000000e+03
1.000000000000000000e+03
1.000000000000000000e+03
1.000000000000000000e+03
1.000000000000000000e+03
1.000000000000000000e+03
1.000000000000000000e+03
1.000000000000000000e+03
1.000000000000000000e+03
1.000000000000000000e+03
1.000000000000000000e+03
1.000000000000000000e+03
1.000000000000000000e+03
1.000000000000000000e+03
1.000000000000000000e+03
1.000000000000000000e+03
1.000000000000000000e+03
1.000000000000000000e+03
1.000000000000000000e+03
1.000000000000000000e+03
1.000000000000000000e+03
1.000000000000000000e+03
1.000000000000000000e+03
1.000000000000000000e+03
1.000000000000000000e+03
1.000000000000000000e+03
1.000000000000000000e+03
1.000000000000000000e+03
1.000000000000000000e+03
1.000000000000000000e+03
1.000000000000000000e+03
1.000000000000000000e+03
1.000000000000000000e+03
1.000000000000000000e+03
1.000000000000000000e+03
1.000000000000000000e+03
1.000000000000000000e+03
1.000000000000000000e+03
1.000000000000000000e+03
1.000000000000000000e+03
1.000000000000000000e+03
1.000000000000000000e+03
1.000000000000000000e+03
1.000000000000000000e+03
1.000000000000000000e+03
1.000000000000000000e+03
1.000000000000000000e+03
1.000000000000000000e+03
1.000000000000000000e+03
1.000000000000000000e+03
1.000000000000000000e+03
1.000000000000000000e+03
1.000000000000000000e+03
1.000000000000000000e+03
1.000000000000000000e+03
1.000000000000000000e+03
1.000000000000000000e+03
1.000000000000000000e+03
1.000000000000000000e+03
1.000000000000000000e+03
1.000000000000000000e+03
1.000000000000000000e+03
1.000000000000000000e+03
1.000000000000000000e+03
1.000000000000000000e+03
1.000000000000000000e+03
1.000000000000000000e+03
1.000000000000000000e+03
1.000000000000000000e+03
1.000000000000000000e+03
1.000000000000000000e+03
1.000000000000000000e+03
1.000000000000000000e+03
1.000000000000000000e+03
1.000000000000000000e+03
1.000000000000000000e+03
1.000000000000000000e+03
1.000000000000000000e+03
1.000000000000000000e+03
1.000000000000000000e+03
1.000000000000000000e+03
1.000000000000000000e+03
1.000000000000000000e+03
1.000000000000000000e+03
1.000000000000000000e+03
1.000000000000000000e+03
1.000000000000000000e+03
1.000000000000000000e+03
1.000000000000000000e+03
1.000000000000000000e+03
1.000000000000000000e+03
1.000000000000000000e+03
1.000000000000000000e+03
1.000000000000000000e+03
1.000000000000000000e+03
1.000000000000000000e+03
1.000000000000000000e+03
1.000000000000000000e+03
1.000000000000000000e+03
1.000000000000000000e+03
1.000000000000000000e+03
1.000000000000000000e+03
1.000000000000000000e+03
1.000000000000000000e+03
1.000000000000000000e+03
1.000000000000000000e+03
1.000000000000000000e+03
1.000000000000000000e+03
1.000000000000000000e+03
1.000000000000000000e+03
1.000000000000000000e+03
1.000000000000000000e+03
1.000000000000000000e+03
1.000000000000000000e+03
1.000000000000000000e+03
1.000000000000000000e+03
1.000000000000000000e+03
1.000000000000000000e+03
1.000000000000000000e+03
1.000000000000000000e+03
1.000000000000000000e+03
1.000000000000000000e+03
1.000000000000000000e+03
1.000000000000000000e+03
1.000000000000000000e+03
1.000000000000000000e+03
1.000000000000000000e+03
1.000000000000000000e+03
1.000000000000000000e+03
1.000000000000000000e+03
1.000000000000000000e+03
1.000000000000000000e+03
1.000000000000000000e+03
1.000000000000000000e+03
1.000000000000000000e+03
1.000000000000000000e+03
1.000000000000000000e+03
1.000000000000000000e+03
1.000000000000000000e+03
1.000000000000000000e+03
1.000000000000000000e+03
1.000000000000000000e+03
1.000000000000000000e+03
1.000000000000000000e+03
1.000000000000000000e+03
1.000000000000000000e+03
1.000000000000000000e+03
1.000000000000000000e+03
1.000000000000000000e+03
1.000000000000000000e+03
1.000000000000000000e+03
1.000000000000000000e+03
1.000000000000000000e+03
1.000000000000000000e+03
1.000000000000000000e+03
1.000000000000000000e+03
1.000000000000000000e+03
1.000000000000000000e+03
1.000000000000000000e+03
1.000000000000000000e+03
1.000000000000000000e+03
1.000000000000000000e+03
1.000000000000000000e+03
1.000000000000000000e+03
1.000000000000000000e+03
1.000000000000000000e+03
1.000000000000000000e+03
1.000000000000000000e+03
1.000000000000000000e+03
1.000000000000000000e+03
1.000000000000000000e+03
1.000000000000000000e+03
1.000000000000000000e+03
1.000000000000000000e+03
1.000000000000000000e+03
1.000000000000000000e+03
1.000000000000000000e+03
1.000000000000000000e+03
1.000000000000000000e+03
1.000000000000000000e+03
1.000000000000000000e+03
1.000000000000000000e+03
1.000000000000000000e+03
1.000000000000000000e+03
1.000000000000000000e+03
1.000000000000000000e+03
1.000000000000000000e+03
1.000000000000000000e+03
1.000000000000000000e+03
1.000000000000000000e+03
1.000000000000000000e+03
1.000000000000000000e+03
1.000000000000000000e+03
1.000000000000000000e+03
1.000000000000000000e+03
1.000000000000000000e+03
1.000000000000000000e+03
1.000000000000000000e+03
1.000000000000000000e+03
1.000000000000000000e+03
1.000000000000000000e+03
1.000000000000000000e+03
1.000000000000000000e+03
1.000047949861034567e+03
1.000274652626182046e+03
1.000497621642429976e+03
1.001279693379968990e+03
1.002072936845511549e+03
1.002968545269975493e+03
1.004716203045436259e+03
1.006678601570475735e+03
1.010390906469301967e+03
1.014919555782059774e+03
1.021481417842696146e+03
1.030776724775203775e+03
1.041131181906387837e+03
1.052437935423445197e+03
1.061447188094112335e+03
1.071539091417040254e+03
1.084591321004433894e+03
1.095059438798907422e+03
1.105432269088506700e+03
1.117676002180552132e+03
1.131915859792508854e+03
1.146063753322746834e+03
1.157673136659224383e+03
1.170378655635792029e+03
1.183708742548360988e+03
1.195919097366066353e+03
1.207008366874532157e+03
1.219926346246259982e+03
1.229543278195858193e+03
1.240112388095539700e+03
1.253629381505054653e+03
1.268568146149183349e+03
1.280137338797654593e+03
1.293134694749726123e+03
1.306054483914301272e+03
1.318574722284024801e+03
1.332661186127004612e+03
1.344111029032398619e+03
1.357735639231580762e+03
1.371673835237350204e+03
1.383262136662974399e+03
1.395233821377051299e+03
1.408011024804805629e+03
1.420546152700574567e+03
1.433513953394010969e+03
1.446182999608560294e+03
1.458094321870962631e+03
1.473543889655116345e+03
1.485196300337326193e+03
1.499016988875921015e+03
1.512509746424900868e+03
1.526676345314179571e+03
1.539236120237158275e+03
1.549324445570587386e+03
1.564466210981583345e+03
1.576887680716355135e+03
1.590199035219068492e+03
1.604045468931462665e+03
1.619122469408217285e+03
1.634081620522691537e+03
1.647474288588432728e+03
1.661845771763516268e+03
1.676383804403630847e+03
1.690456903329001989e+03
1.704016899451661629e+03
1.717720425206345908e+03
1.732618788270876394e+03
1.747376073634335398e+03
1.762233417259239332e+03
1.776337088289363237e+03
1.791383499704542373e+03
1.805923895612459546e+03
1.820388630324744781e+03
1.837536767215475948e+03
1.852749368794450447e+03
1.866722314324903664e+03
1.885688163102116732e+03
1.899802117402488420e+03
1.913885517335855639e+03
1.927907718052285190e+03
1.945967561393908682e+03
1.965348223004010833e+03
1.992627771391671331e+03
2.032156007988999136e+03
2.081388332320615518e+03
2.160079146706282700e+03
2.294104966470411910e+03
2.480289886806083359e+03
2.813965711018825459e+03
