8.619259873303926724e+02
8.846441011767790314e+02
8.944555082352522959e+02
9.003941137049874897e+02
9.031170061001649856e+02
9.045959477078998816e+02
9.059252449317147011e+02
9.071499451751482184e+02
9.083205974382374279e+02
9.093733034320279103e+02
9.104627949478943947e+02
9.115448566470005289e+02
9.127064132201272741e+02
9.136829363811176563e+02
9.148883056187095235e+02
9.159394412477814740e+02
9.172271392785827402e+02
9.181542679532819875e+02
9.193009317670138216e+02
9.203659472697528372e+02
9.215058288116047152e+02
9.226436511694314504e+02
9.238103851171647420e+02
9.249084609245792308e+02
9.260435024813413065e+02
9.272487012802218942e+02
9.283883581399360310e+02
9.295086929806343505e+02
9.306119264384169583e+02
9.316405043664414052e+02
9.329342819263805495e+02
9.341112577964283901e+02
9.350505933119263773e+02
9.361205874101833615e+02
9.371823868752379667e+02
9.382479831085905744e+02
9.395216216153315827e+02
9.408979202955060828e+02
9.419073233069962043e+02
9.430140717570327524e+02
9.441827148952702373e+02
9.452888955010837435e+02
9.463039711970628787e+02
9.474793163414185528e+02
9.486441110310690874e+02
9.497161235765191805e+02
9.507212236273830968e+02
9.519258853485190457e+02
9.528921894092484308e+02
9.539692032781114222e+02
9.550319373814988921e+02
9.560658727968547055e+02
9.571419302669464741e+02
9.582739840942288083e+02
9.594162678736043972e+02
9.605760313785211792e+02
9.619582354942104985e+02
9.630215568134378827e+02
9.643028401748092620e+02
9.653190473393353841e+02
9.664878196032398137e+02
9.674512115299814923e+02
9.685973095904370211e+02
9.695556020653650648e+02
9.707596005283772911e+02
9.718000954123442625e+02
9.728166460781800424e+02
9.740673875548217211e+02
9.752327540110170503e+02
9.764554156945938530e+02
9.773977637459199741e+02
9.787151639393881624e+02
9.797384379026880197e+02
9.809125381379755027e+02
9.820924815110248574e+02
9.832704769227317456e+02
9.844600507990611504e+02
9.855556677550703171e+02
9.865217139454391599e+02
9.875745300555662425e+02
9.886697319967553312e+02
9.896131254093440930e+02
9.908311651191255578e+02
9.918232423396412969e+02
9.930767141280717851e+02
9.941899844666019135e+02
9.950385513288406401e+02
9.959012015058301586e+02
9.969006068094276998e+02
9.977057214444445208e+02
9.984502278858598174e+02
9.989282243031644839e+02
9.994410876971896869e+02
9.996370883714055253e+02
9.998087222883145841e+02
9.999499592298362813e+02
9.999927719600973433e+02
1.000000000000000000e+03
1.000000000000000000e+03
1.000000000000000000e+03
1.000000000000000000e+03
1.000000000000000000e+03
1.000000000000000000e+03
1.000000000000000000e+03
1.000000000000000000e+03
1.000000000000000000e+03
1.000000000000000000e+03
1.000000000000000000e+03
1.000000000000000000e+03
1.000000000000000000e+03
1.000000000000000000e+03
1.000000000000000000e+03
1.000000000000000000e+03
1.000000000000000000e+03
1.000000000000000000e+03
1.000000000000000000e+03
1.000000000000000000e+03
1.000000000000000000e+03
1.000000000000000000e+03
1.000000000000000000e+03
1.000000000000000000e+03
1.000000000000000000e+03
1.000000000000000000e+03
1.000000000000000000e+03
1.000000000000000000e+03
1.000000000000000000e+03
1.000000000000000000e+03
1.000000000000000000e+03
1.000000000000000000e+03
1.000000000000000000e+03
1.000000000000000000e+03
1.000000000000000000e+03
1.000000000000000000e+03
1.000000000000000000e+03
1.000000000000000000e+03
1.000000000000000000e+03
1.000000000000000000e+03
1.000000000000000000e+03
1.000000000000000000e+03
1.000000000000000000e+03
1.000000000000000000e+03
1.000000000000000000e+03
1.000000000000000000e+03
1.000000000000000000e+03
1.000000000000000000e+03
1.000000000000000000e+03
1.000000000000000000e+03
1.000000000000000000e+03
1.000000000000000000e+03
1.000000000000000000e+03
1.000000000000000000e+03
1.000000000000000000e+03
1.000000000000000000e+03
1.000000000000000000e+03
1.000000000000000000e+03
1.000000000000000000e+03
1.000000000000000000e+03
1.000000000000000000e+03
1.000000000000000000e+03
1.000000000000000000e+03
1.000000000000000000e+03
1.000000000000000000e+03
1.000000000000000000e+03
1.000000000000000000e+03
1.000000000000000000e+03
1.000000000000000000e+03
1.000000000000000000e+03
1.000000000000000000e+03
1.000000000000000000e+03
1.000000000000000000e+03
1.000000000000000000e+03
1.000000000000000000e+03
1.000000000000000000e+03
1.000000000000000000e+03
1.000000000000000000e+03
1.000000000000000000e+03
1.000000000000000000e+03
1.000000000000000000e+03
1.000000000000000000e+03
1.000000000000000000e+03
1.000000000000000000e+03
1.000000000000000000e+03
1.000000000000000000e+03
1.000000000000000000e+03
1.000000000000000000e+03
1.000000000000000000e+03
1.000000000000000000e+03
1.000000000000000000e+03
1.000000000000000000e+03
1.000000000000000000e+03
1.000000000000000000e+03
1.000000000000000000e+03
1.000000000000000000e+03
1.000000000000000000e+03
1.000000000000000000e+03
1.000000000000000000e+03
1.000000000000000000e+03
1.000000000000000000e+03
1.000000000000000000e+03
1.000000000000000000e+03
1.000000000000000000e+03
1.000000000000000000e+03
1.000000000000000000e+03
1.000000000000000000e+03
1.000000000000000000e+03
1.000000000000000000e+03
1.000000000000000000e+03
1.000000000000000000e+03
1.000000000000000000e+03
1.000000000000000000e+03
1.000000000000000000e+03
1.000000000000000000e+03
1.000000000000000000e+03
1.000000000000000000e+03
1.000000000000000000e+03
1.000000000000000000e+03
1.000000000000000000e+03
1.000000000000000000e+03
1.000000000000000000e+03
1.000000000000000000e+03
1.000000000000000000e+03
1.000000000000000000e+03
1.000000000000000000e+03
1.000000000000000000e+03
1.000000000000000000e+03
1.000000000000000000e+03
1.000000000000000000e+03
1.000000000000000000e+03
1.000000000000000000e+03
1.000000000000000000e+03
1.000000000000000000e+03
1.000000000000000000e+03
1.000000000000000000e+03
1.000000000000000000e+03
1.000000000000000000e+03
1.000000000000000000e+03
1.000000000000000000e+03
1.000000000000000000e+03
1.000000000000000000e+03
1.000000000000000000e+03
1.000000000000000000e+03
1.000000000000000000e+03
1.000000000000000000e+03
1.000000000000000000e+03
1.000000000000000000e+03
1.000000000000000000e+03
1.000000000000000000e+03
1.000000000000000000e+03
1.000000000000000000e+03
1.000000000000000000e+03
1.000000000000000000e+03
1.000000000000000000e+03
1.000000000000000000e+03
1.000000000000000000e+03
1.000000000000000000e+03
1.000000000000000000e+03
1.000000000000000000e+03
1.000000000000000000e+03
1.000000000000000000e+03
1.000000000000000000e+03
1.000000000000000000e+03
1.000000000000000000e+03
1.000000000000000000e+03
1.000000000000000000e+03
1.000000000000000000e+03
1.000000000000000000e+03
1.000000000000000000e+03
1.000000000000000000e+03
1.000000000000000000e+03
1.000000000000000000e+03
1.000000000000000000e+03
1.000000000000000000e+03
1.000000000000000000e+03
1.000000000000000000e+03
1.000000000000000000e+03
1.000000000000000000e+03
1.000000000000000000e+03
1.000000000000000000e+03
1.000000000000000000e+03
1.000000000000000000e+03
1.000000000000000000e+03
1.000000000000000000e+03
1.000000000000000000e+03
1.000000000000000000e+03
1.000000000000000000e+03
1.000000000000000000e+03
1.000000000000000000e+03
1.000000000000000000e+03
1.000000000000000000e+03
1.000000000000000000e+03
1.000000000000000000e+03
1.000000000000000000e+03
1.000000000000000000e+03
1.000000000000000000e+03
1.000000000000000000e+03
1.000000000000000000e+03
1.000000000000000000e+03
1.000000000000000000e+03
1.000000000000000000e+03
1.000000000000000000e+03
1.000000000000000000e+03
1.000000000000000000e+03
1.000000000000000000e+03
1.000000000000000000e+03
1.000000000000000000e+03
1.000000000000000000e+03
1.000000000000000000e+03
1.000000000000000000e+03
1.000000000000000000e+03
1.000000000000000000e+03
1.000000000000000000e+03
1.000000000000000000e+03
1.000000000000000000e+03
1.000000000000000000e+03
1.000000000000000000e+03
1.000000000000000000e+03
1.000000000000000000e+03
1.000000000000000000e+03
1.000000000000000000e+03
1.000000000000000000e+03
1.000000000000000000e+03
1.000000000000000000e+03
1.000000000000000000e+03
1.000000000000000000e+03
1.000000000000000000e+03
1.000000000000000000e+03
1.000000000000000000e+03
1.000000000000000000e+03
1.000000000000000000e+03
1.000000000000000000e+03
1.000000000000000000e+03
1.000000000000000000e+03
1.000000000000000000e+03
1.000000000000000000e+03
1.000000000000000000e+03
1.000000000000000000e+03
1.000000000000000000e+03
1.000000000000000000e+03
1.000000000000000000e+03
1.000000000000000000e+03
1.000000000000000000e+03
1.000000000000000000e+03
1.000000000000000000e+03
1.000000000000000000e+03
1.000000000000000000e+03
1.000000000000000000e+03
1.000000000000000000e+03
1.000000000000000000e+03
1.000000000000000000e+03
1.000000000000000000e+03
1.000000000000000000e+03
1.000000000000000000e+03
1.000000000000000000e+03
1.000000000000000000e+03
1.000000000000000000e+03
1.000000000000000000e+03
1.000000000000000000e+03
1.000000000000000000e+03
1.000000000000000000e+03
1.000000000000000000e+03
1.000000000000000000e+03
1.000000000000000000e+03
1.000000000000000000e+03
1.000000000000000000e+03
1.000000000000000000e+03
1.000000000000000000e+03
1.000000000000000000e+03
1.000000000000000000e+03
1.000000000000000000e+03
1.000000000000000000e+03
1.000000000000000000e+03
1.000000000000000000e+03
1.000000000000000000e+03
1.000000000000000000e+03
1.000000000000000000e+03
1.000000000000000000e+03
1.000000000000000000e+03
1.000000000000000000e+03
1.000000000000000000e+03
1.000000000000000000e+03
1.000000000000000000e+03
1.000000000000000000e+03
1.000000000000000000e+03
1.000000000000000000e+03
1.000000000000000000e+03
1.000000000000000000e+03
1.000000000000000000e+03
1.000000000000000000e+03
1.000000000000000000e+03
1.000000000000000000e+03
1.000000000000000000e+03
1.000000000000000000e+03
1.000000000000000000e+03
1.000000000000000000e+03
1.000000000000000000e+03
1.000000000000000000e+03
1.000000000000000000e+03
1.000000000000000000e+03
1.000000000000000000e+03
1.000000000000000000e+03
1.000000000000000000e+03
1.000000000000000000e+03
1.000009986798534555e+03
1.000014507856379964e+03
1.000032057867667277e+03
1.000057641117196454e+03
1.000159055610887549e+03
1.000337385639237141e+03
1.000624046295244739e+03
1.001071707581910687e+03
1.001759772720106525e+03
1.002312338707420736e+03
1.003327378443007660e+03
1.004214178613979129e+03
1.005243753904287018e+03
1.006339105681671754e+03
1.007242682007061717e+03
1.008296704475396950e+03
1.009434656340475044e+03
1.010692541246757060e+03
1.011893497144085245e+03
1.013016501607646774e+03
1.014169360234200099e+03
1.015279230393948637e+03
1.016313843824600440e+03
1.017384172116631362e+03
1.018475798503041915e+03
1.019710665384947447e+03
1.020831106255532177e+03
1.021923330415264900e+03
1.022914447904826943e+03
1.024018298170419030e+03
1.025234983071237821e+03
1.026479023656557047e+03
1.027702339936988210e+03
1.028871666195580701e+03
1.029913601300030905e+03
1.031048996036446169e+03
1.032256283274645057e+03
1.033303156202506898e+03
1.034297696239173092e+03
1.035435136196618942e+03
1.036500060297561276e+03
1.037756298211247440e+03
1.038922017893222801e+03
1.040013306746642911e+03
1.041124344132547321e+03
1.042217083459663627e+03
1.043326167651478272e+03
1.044363202142282944e+03
1.045644071037958156e+03
1.046757429092900793e+03
1.047768971041841041e+03
1.048927733744038960e+03
1.050081348260730692e+03
1.050953403557958381e+03
1.052347761399708816e+03
1.053476251064680810e+03
1.054748983231125294e+03
1.055876210794581766e+03
1.057053973014036274e+03
1.058284199483767225e+03
1.059462375538059860e+03
1.060385447410922552e+03
1.061591162865373008e+03
1.062679324289773376e+03
1.063973197947467270e+03
1.065012478744005875e+03
1.066276083983124181e+03
1.067250792266182771e+03
1.068513154991044530e+03
1.069629120912431745e+03
1.070693516378120194e+03
1.071785052527749258e+03
1.072996731614641703e+03
1.074216162760066254e+03
1.075165028593382431e+03
1.076275932876402749e+03
1.077543548483546374e+03
1.078509542061308593e+03
1.079758094689852669e+03
1.081073544836435758e+03
1.082126093268260547e+03
1.082979606229927640e+03
1.084095650007760696e+03
1.085466442746962912e+03
1.086564630882122628e+03
1.087643730450109160e+03
1.088677987696842820e+03
1.089946651723643981e+03
1.091048389777126204e+03
1.092066555049221733e+03
1.093150513233999163e+03
1.094422536976432184e+03
1.095898972345425818e+03
1.098016692686173201e+03
1.101271548819821192e+03
1.109700631110140876e+03
1.121956491986874653e+03
1.143266170445577472e+03
