5.318248172257009632e-01
5.672187925005633957e-01
5.870024234258276463e-01
6.017121623601482394e-01
6.141442123337463865e-01
6.238077864238951165e-01
6.321506366574434210e-01
6.394977065670434113e-01
6.463868673028498879e-01
6.525481676093239924e-01
6.583988026916595127e-01
6.640479177784298637e-01
6.689568217739151335e-01
6.735129680536058316e-01
6.780228476232345036e-01
6.821135159950191262e-01
6.863073477588637061e-01
6.901319950859324814e-01
6.938488724718503420e-01
6.972338054694197096e-01
7.006889146704189386e-01
7.041948195787082199e-01
7.072543698688317226e-01
7.102679896977237561e-01
7.132098757316421844e-01
7.160833911814448172e-01
7.187179162136621002e-01
7.212478555833340410e-01
7.239181558921764514e-01
7.263745887495212106e-01
7.289545021291534699e-01
7.315159304081441105e-01
7.339382990423711783e-01
7.363387571961068634e-01
7.386305475778658369e-01
7.408951814576123507e-01
7.430512052012058222e-01
7.452695969571279111e-01
7.474070198005258181e-01
7.494233390460114386e-01
7.514232418069770603e-01
7.534254720983951659e-01
7.553447685755010355e-01
7.573324245020477408e-01
7.592971994761543719e-01
7.610651365218699116e-01
7.629406984039577289e-01
7.649365775021509384e-01
7.667414156489166244e-01
7.686660328907303219e-01
7.704726009062385916e-01
7.722308739040075753e-01
7.740154238251115704e-01
7.756785203257648975e-01
7.773400773353743576e-01
7.790416471547868538e-01
7.807629561943992824e-01
7.823566964961737868e-01
7.839100599792591106e-01
7.855321818545186741e-01
7.871382404433316937e-01
7.887142149681222181e-01
7.902042089650552770e-01
7.917168218169443605e-01
7.932404502179638550e-01
7.947222302399457039e-01
7.962396055175983145e-01
7.977895204210679880e-01
7.992136561603220279e-01
8.006276527829758738e-01
8.020663439120311322e-01
8.034615452397262381e-01
8.049325265522737638e-01
8.063503969284394612e-01
8.078309492107279555e-01
8.092728880035999772e-01
8.105645866314956649e-01
8.118081067257399974e-01
8.132056405389690434e-01
8.145625083586375270e-01
8.159223491237209691e-01
8.171936805781976343e-01
8.185185562366609213e-01
8.198981652448150692e-01
8.211312049524959189e-01
8.224850250436743782e-01
8.237900481419261345e-01
8.250500969852725408e-01
8.262917799954010434e-01
8.275639055289684132e-01
8.287838923862200780e-01
8.300541213488518144e-01
8.313115712362171283e-01
8.325633521645525725e-01
8.338274454468156405e-01
8.350090481512324470e-01
8.362628303278240027e-01
8.374427423032374529e-01
8.386315142926766830e-01
8.398241499176887226e-01
8.410664084145313968e-01
8.423228277647182294e-01
8.435367328787121144e-01
8.447391299048617741e-01
8.458935110985821293e-01
8.470430074359558414e-01
8.482085498791898104e-01
8.493352212908500398e-01
8.505425465456816214e-01
8.516536748131013912e-01
8.527934022687608806e-01
8.538740860687515921e-01
8.550243271832528302e-01
8.561897385216303835e-01
8.573076255005626090e-01
8.584025966000038421e-01
8.594458181895582305e-01
8.605431678806571005e-01
8.615738303456030867e-01
8.626806587759229261e-01
8.637398563763436510e-01
8.648315916714510720e-01
8.659350997736325883e-01
8.669888809084096426e-01
8.680527523363791298e-01
8.691372023911666522e-01
8.701836272071893363e-01
8.712507387336198006e-01
8.723533087813050146e-01
8.733804280252849273e-01
8.744751321439178104e-01
8.755025201754934594e-01
8.765915965514048391e-01
8.776753052419131729e-01
8.786982789893125201e-01
8.797762069585136624e-01
8.807968845279615655e-01
8.818202433535011764e-01
8.828782580364538113e-01
8.839305957279774972e-01
8.849269238603397758e-01
8.859478866269051567e-01
8.869950782328250849e-01
8.879729256617928668e-01
8.889650601049134959e-01
8.899941768475075898e-01
8.909695692689357793e-01
8.919891874084968642e-01
8.929826594002369111e-01
8.939272336880049741e-01
8.948762520728165137e-01
8.958735183827423176e-01
8.967890912264523395e-01
8.977832994221277563e-01
8.987965340135258829e-01
8.998535938595154660e-01
9.008217593054773653e-01
9.017695735177352345e-01
9.026994062937383489e-01
9.036393803460008867e-01
9.045689380292764037e-01
9.055736969322629726e-01
9.065622271826290213e-01
9.075800074204259937e-01
9.085514886174091975e-01
9.095022858288365208e-01
9.105112712548028009e-01
9.114154048099816219e-01
9.124044186378078569e-01
9.134033210451555362e-01
9.143476798773635394e-01
9.153192181400247041e-01
9.162354092067990230e-01
9.171723744178329474e-01
9.181636831460623371e-01
9.191094843731245634e-01
9.200284326561324333e-01
9.210132227027670870e-01
9.219178933789227148e-01
9.229126024402971584e-01
9.238200830796019503e-01
9.248146189633434933e-01
9.257444179092944037e-01
9.267110503519881970e-01
9.276203828287882258e-01
9.285702786685050558e-01
9.295647592820166505e-01
9.304647797224629979e-01
9.314209685733956245e-01
9.323919025136782057e-01
9.333475805059013863e-01
9.343005744722143735e-01
9.351892973832802713e-01
9.361756460974238747e-01
9.370777544662283187e-01
9.380071525941970911e-01
9.389325872637162007e-01
9.398629397375414252e-01
9.408067874715824175e-01
9.417373085085006812e-01
9.426905333741486537e-01
9.436243356649318681e-01
9.444875819316449483e-01
9.454450471456583571e-01
9.463817903105363749e-01
9.473322493964139168e-01
9.483037749027327656e-01
9.492513236049310299e-01
9.501873386277355227e-01
9.511071175565747327e-01
9.520475741551547300e-01
9.529661407970245746e-01
9.538373361859997512e-01
9.547554305182024414e-01
9.557067443112061689e-01
9.566233875167362566e-01
9.575754517635299834e-01
9.584981646676010714e-01
9.594092780556103817e-01
9.603590641042717424e-01
9.613165216920922518e-01
9.622473513171643233e-01
9.631425890214670993e-01
9.640106304242024304e-01
9.649236819836396473e-01
9.658241950813730714e-01
9.667267054365091816e-01
9.676416472507205491e-01
9.685250985071772734e-01
9.694548419823812990e-01
9.704156701606174718e-01
9.713330508381308181e-01
9.722818503542156598e-01
9.732358462066121874e-01
9.741558574036900398e-01
9.750719412080340875e-01
9.760211771063618258e-01
9.769168474800552504e-01
9.778729430420303181e-01
9.787617214830877099e-01
9.796935443755855344e-01
9.807195276525931815e-01
9.816854275262973939e-01
9.826425690270226276e-01
9.835663213755402312e-01
9.844619954383776461e-01
9.853847150395521615e-01
9.863066447921802204e-01
9.871895053559502919e-01
9.881515445790887142e-01
9.891358355107867650e-01
9.900844871954675996e-01
9.910314685775475363e-01
9.919709621407697409e-01
9.928927390792454677e-01
9.938476570140415411e-01
9.947657801529444788e-01
9.956713327538301295e-01
9.965917712427145858e-01
9.975311802715933762e-01
9.985218432869497063e-01
9.994928227937828202e-01
1.000389095519013116e+00
1.001334380498696941e+00
1.002249028961569755e+00
1.003152712218619680e+00
1.004091321510691692e+00
1.004998660703751989e+00
1.005948440845867209e+00
1.006851169295249981e+00
1.007764539459395259e+00
1.008693705324016365e+00
1.009681711712074215e+00
1.010586658919467862e+00
1.011536714223981503e+00
1.012489903660976687e+00
1.013405643694690106e+00
1.014442785993746599e+00
1.015376982482086632e+00
1.016338013883647085e+00
1.017308915084506271e+00
1.018242038069120614e+00
1.019219672755802941e+00
1.020176698787432779e+00
1.021143003302963370e+00
1.022159097935787075e+00
1.023173565065491841e+00
1.024116289273411473e+00
1.025072148164301034e+00
1.026065589347473272e+00
1.027044195799463377e+00
1.027977509242643528e+00
1.028947286145831530e+00
1.029903206779917646e+00
1.030894699861157227e+00
1.031920408008983436e+00
1.032846824729451551e+00
1.033854814157967317e+00
1.034895967026578933e+00
1.035898269610000311e+00
1.036905785739906216e+00
1.037890427298695739e+00
1.038925433634182216e+00
1.039839905353285632e+00
1.040810945942584942e+00
1.041762669865593960e+00
1.042760173025093051e+00
1.043804128010136889e+00
1.044816592449741011e+00
1.045864539265395132e+00
1.046910885096311805e+00
1.047963980357287772e+00
1.048997334746193388e+00
1.049994609627179276e+00
1.051043205313488160e+00
1.052089758938195008e+00
1.053125742344382720e+00
1.054164388135528929e+00
1.055257527937889961e+00
1.056322729750130085e+00
1.057358536625412349e+00
1.058434400567916711e+00
1.059469834922608822e+00
1.060535114161134551e+00
1.061558194755573670e+00
1.062640372364260122e+00
1.063604517779771719e+00
1.064618433126546471e+00
1.065725547521477523e+00
1.066753204360544771e+00
1.067787503487104050e+00
1.068858981587065715e+00
1.069907912133809091e+00
1.071043128196689675e+00
1.072130858685560462e+00
1.073235482214346170e+00
1.074298041418646488e+00
1.075356000605190099e+00
1.076494111941641574e+00
1.077604707043269938e+00
1.078710585829360635e+00
1.079885269057354602e+00
1.081026778367925489e+00
1.082178497129647310e+00
1.083374049975843301e+00
1.084452844491586188e+00
1.085559249230484857e+00
1.086652631752887732e+00
1.087800219278093783e+00
1.088892338353795619e+00
1.090073249860410654e+00
1.091147126562490799e+00
1.092188537447605468e+00
1.093317107532243870e+00
1.094437601844337360e+00
1.095565137842926973e+00
1.096770565460648994e+00
1.097944615662360679e+00
1.099201774119992647e+00
1.100291436510249854e+00
1.101480510986654338e+00
1.102638001286229574e+00
1.103880199029162013e+00
1.105099647547266750e+00
1.106305054286553124e+00
1.107560455374755115e+00
1.108794139101421550e+00
1.110005793702541377e+00
1.111233860327106804e+00
1.112441327626942922e+00
1.113631045200069059e+00
1.114923325389018283e+00
1.116152280498515559e+00
1.117392912115727333e+00
1.118635939500952858e+00
1.119821269223959526e+00
1.121140294048608377e+00
1.122424631906525194e+00
1.123723945386972733e+00
1.124952225429230346e+00
1.126207722864676075e+00
1.127550596144031081e+00
1.128878349428050321e+00
1.130122551943774312e+00
1.131421713094325598e+00
1.132711603188202520e+00
1.134062914053331816e+00
1.135465551529420081e+00
1.136893932590309797e+00
1.138285840246682223e+00
1.139695898674328411e+00
1.141118346771634595e+00
1.142471830206231775e+00
1.143862199538567159e+00
1.145257442507899626e+00
1.146689749480845899e+00
1.148106692698589004e+00
1.149600675051189347e+00
1.150978683470281094e+00
1.152395975564250108e+00
1.153961667541490765e+00
1.155442050904659235e+00
1.156881596299227821e+00
1.158393245112411707e+00
1.159951988822722546e+00
1.161490570472558437e+00
1.162995562847611186e+00
1.164410971525020599e+00
1.166018464317325254e+00
1.167693528432487859e+00
1.169267865517557459e+00
1.170823097313247851e+00
1.172387958047955481e+00
1.173977638515086408e+00
1.175535678503583537e+00
1.177146130023474457e+00
1.178862310803940439e+00
1.180635870457764414e+00
1.182293034268983467e+00
1.183972850574213087e+00
1.185703704942950631e+00
1.187331417953542356e+00
1.188993740487412687e+00
1.190743207985897500e+00
1.192492557581344537e+00
1.194348297866376418e+00
1.196170123094932869e+00
1.197955274007560744e+00
1.199794832168809888e+00
1.201622256144619705e+00
1.203491896087885982e+00
1.205403206925417026e+00
1.207363030255612646e+00
1.209104441308520128e+00
1.211077490871123041e+00
1.213000377071389302e+00
1.215098381159439578e+00
1.217135216069459513e+00
1.219269577191937071e+00
1.221240415577563132e+00
1.223390940902105539e+00
1.225467510162201235e+00
1.227806710165481041e+00
1.230164025108253734e+00
1.232291175752577628e+00
1.234650722974762083e+00
1.236955547682649037e+00
1.239237313690350950e+00
1.241559594296828717e+00
1.243890655960895320e+00
1.246210427121640985e+00
1.248752664451515004e+00
1.251290157342539455e+00
1.253842232877729002e+00
1.256353161710228594e+00
1.258995515257285369e+00
1.261750469625591453e+00
1.264501354997809468e+00
1.267405867953222298e+00
1.270352304278425049e+00
1.273449996108299453e+00
1.276466269355654104e+00
1.279355160702882799e+00
1.282461269285565253e+00
1.285637472005648263e+00
1.288876644487076728e+00
1.292089373043479039e+00
1.295539581249197658e+00
1.299013567684018877e+00
1.302549620088729654e+00
1.306108445656250616e+00
1.309892999709347805e+00
1.313958854250545816e+00
1.317929950088213120e+00
1.322425890245619851e+00
1.326928654650914474e+00
1.331292580829279038e+00
1.335985635458517784e+00
1.340778677249055750e+00
1.345781244355806816e+00
1.350844736748214148e+00
1.356236718385127826e+00
1.361852119737952949e+00
1.368007176761963040e+00
1.374214901014547019e+00
1.380933406254842621e+00
1.387945990989412515e+00
1.395479625857604100e+00
1.403456988932933358e+00
1.412425185752691048e+00
1.421845202196890590e+00
1.432243931663097714e+00
1.444136389560326972e+00
1.457716167273721553e+00
1.473261142473895502e+00
1.490608855797252552e+00
1.512102646669624795e+00
1.540499377310816209e+00
1.580245592178451508e+00
1.658335804268949554e+00
