9.762396088497055757e+00
2.093925184471923018e+01
3.190531541252276071e+01
4.162176349808760278e+01
5.023732333158714169e+01
5.901487609678601842e+01
7.024752087713024196e+01
8.056273173395955212e+01
9.060067575669205553e+01
1.022576369941762948e+02
1.132216799466304309e+02
1.233324322002169851e+02
1.339933333889231619e+02
1.437857583052306154e+02
1.560333473511461762e+02
1.664985487963698745e+02
1.773377944605384755e+02
1.890859370992008621e+02
1.991078383608039815e+02
2.092606011127535055e+02
2.200035039916572828e+02
2.299034865430749335e+02
2.418829275740515357e+02
2.520932836044138696e+02
2.606471381680610762e+02
2.722077562661345382e+02
2.838708598748439726e+02
2.932267258276431221e+02
3.023515585214240105e+02
3.119428472600257578e+02
3.238946473846436334e+02
3.350786597847949224e+02
3.471965236227938476e+02
3.568161085937759935e+02
3.653384646331930981e+02
3.758103579834299808e+02
3.868641247128661576e+02
3.971207051124398504e+02
4.052871473973493721e+02
4.187288874016066984e+02
4.302504381360912475e+02
4.404881312287484434e+02
4.514689491586734107e+02
4.626333316582002340e+02
4.736355232871069916e+02
4.839632603586318851e+02
4.952976154218433749e+02
5.069231540321052307e+02
5.168848022572449281e+02
5.267289153379384743e+02
5.369515416445125311e+02
5.480862947201134148e+02
5.572825454961830474e+02
5.660608113550465532e+02
5.766538780712043035e+02
5.889800259698672562e+02
5.992011307094677477e+02
6.089910861223461325e+02
6.215928474026262620e+02
6.317611696159665371e+02
6.415882147054556981e+02
6.526683421410440360e+02
6.630894302051241311e+02
6.742388279596655138e+02
6.837320331215940996e+02
6.932546392400710147e+02
7.044922542473655085e+02
7.153916201294860002e+02
7.243910374028175738e+02
7.355688254073165808e+02
7.465736679084775460e+02
7.555019426308997481e+02
7.657246380456075485e+02
7.788929891722343655e+02
7.899855089099120278e+02
8.005471607778931684e+02
8.117784646395693926e+02
8.224635064328840599e+02
8.319283954903679614e+02
8.413548280396212249e+02
8.533521808102304931e+02
8.645261696392173008e+02
8.747061000380032283e+02
8.857630585647347061e+02
8.977378109973387836e+02
9.089464768697205272e+02
9.200973652033296730e+02
9.305453847567679304e+02
9.399169693052400589e+02
9.509770877870639652e+02
9.616755281653062184e+02
9.725673537860557190e+02
9.802166321327387095e+02
9.868047178481282344e+02
9.922735423588663934e+02
9.959304448017948062e+02
9.983703427105148194e+02
9.997003174755153623e+02
1.000000000000000000e+03
1.000000000000000000e+03
1.000000000000000000e+03
1.000000000000000000e+03
1.000000000000000000e+03
1.000000000000000000e+03
1.000000000000000000e+03
1.000000000000000000e+03
1.000000000000000000e+03
1.000000000000000000e+03
1.000000000000000000e+03
1.000000000000000000e+03
1.000000000000000000e+03
1.000000000000000000e+03
1.000000000000000000e+03
1.000000000000000000e+03
1.000000000000000000e+03
1.000000000000000000e+03
1.000000000000000000e+03
1.000000000000000000e+03
1.000000000000000000e+03
1.000000000000000000e+03
1.000000000000000000e+03
1.000000000000000000e+03
1.000000000000000000e+03
1.000000000000000000e+03
1.000000000000000000e+03
1.000000000000000000e+03
1.000000000000000000e+03
1.000000000000000000e+03
1.000000000000000000e+03
1.000000000000000000e+03
1.000000000000000000e+03
1.000000000000000000e+03
1.000000000000000000e+03
1.000000000000000000e+03
1.000000000000000000e+03
1.000000000000000000e+03
1.000000000000000000e+03
1.000000000000000000e+03
1.000000000000000000e+03
1.000000000000000000e+03
1.000000000000000000e+03
1.000000000000000000e+03
1.000000000000000000e+03
1.000000000000000000e+03
1.000000000000000000e+03
1.000000000000000000e+03
1.000000000000000000e+03
1.000000000000000000e+03
1.000000000000000000e+03
1.000000000000000000e+03
1.000000000000000000e+03
1.000000000000000000e+03
1.000000000000000000e+03
1.000000000000000000e+03
1.000000000000000000e+03
1.000000000000000000e+03
1.000000000000000000e+03
1.000000000000000000e+03
1.000000000000000000e+03
1.000000000000000000e+03
1.000000000000000000e+03
1.000000000000000000e+03
1.000000000000000000e+03
1.000000000000000000e+03
1.000000000000000000e+03
1.000000000000000000e+03
1.000000000000000000e+03
1.000000000000000000e+03
1.000000000000000000e+03
1.000000000000000000e+03
1.000000000000000000e+03
1.000000000000000000e+03
1.000000000000000000e+03
1.000000000000000000e+03
1.000000000000000000e+03
1.000000000000000000e+03
1.000000000000000000e+03
1.000000000000000000e+03
1.000000000000000000e+03
1.000000000000000000e+03
1.000000000000000000e+03
1.000000000000000000e+03
1.000000000000000000e+03
1.000000000000000000e+03
1.000000000000000000e+03
1.000000000000000000e+03
1.000000000000000000e+03
1.000000000000000000e+03
1.000000000000000000e+03
1.000000000000000000e+03
1.000000000000000000e+03
1.000000000000000000e+03
1.000000000000000000e+03
1.000000000000000000e+03
1.000000000000000000e+03
1.000000000000000000e+03
1.000000000000000000e+03
1.000000000000000000e+03
1.000000000000000000e+03
1.000000000000000000e+03
1.000000000000000000e+03
1.000000000000000000e+03
1.000000000000000000e+03
1.000000000000000000e+03
1.000000000000000000e+03
1.000000000000000000e+03
1.000000000000000000e+03
1.000000000000000000e+03
1.000000000000000000e+03
1.000000000000000000e+03
1.000000000000000000e+03
1.000000000000000000e+03
1.000000000000000000e+03
1.000000000000000000e+03
1.000000000000000000e+03
1.000000000000000000e+03
1.000000000000000000e+03
1.000000000000000000e+03
1.000000000000000000e+03
1.000000000000000000e+03
1.000000000000000000e+03
1.000000000000000000e+03
1.000000000000000000e+03
1.000000000000000000e+03
1.000000000000000000e+03
1.000000000000000000e+03
1.000000000000000000e+03
1.000000000000000000e+03
1.000000000000000000e+03
1.000000000000000000e+03
1.000000000000000000e+03
1.000000000000000000e+03
1.000000000000000000e+03
1.000000000000000000e+03
1.000000000000000000e+03
1.000000000000000000e+03
1.000000000000000000e+03
1.000000000000000000e+03
1.000000000000000000e+03
1.000000000000000000e+03
1.000000000000000000e+03
1.000000000000000000e+03
1.000000000000000000e+03
1.000000000000000000e+03
1.000000000000000000e+03
1.000000000000000000e+03
1.000000000000000000e+03
1.000000000000000000e+03
1.000000000000000000e+03
1.000000000000000000e+03
1.000000000000000000e+03
1.000000000000000000e+03
1.000000000000000000e+03
1.000000000000000000e+03
1.000000000000000000e+03
1.000000000000000000e+03
1.000000000000000000e+03
1.000000000000000000e+03
1.000000000000000000e+03
1.000000000000000000e+03
1.000000000000000000e+03
1.000000000000000000e+03
1.000000000000000000e+03
1.000000000000000000e+03
1.000000000000000000e+03
1.000000000000000000e+03
1.000000000000000000e+03
1.000000000000000000e+03
1.000000000000000000e+03
1.000000000000000000e+03
1.000000000000000000e+03
1.000000000000000000e+03
1.000000000000000000e+03
1.000000000000000000e+03
1.000000000000000000e+03
1.000000000000000000e+03
1.000000000000000000e+03
1.000000000000000000e+03
1.000000000000000000e+03
1.000000000000000000e+03
1.000000000000000000e+03
1.000000000000000000e+03
1.000000000000000000e+03
1.000000000000000000e+03
1.000000000000000000e+03
1.000000000000000000e+03
1.000000000000000000e+03
1.000000000000000000e+03
1.000000000000000000e+03
1.000000000000000000e+03
1.000000000000000000e+03
1.000000000000000000e+03
1.000000000000000000e+03
1.000000000000000000e+03
1.000000000000000000e+03
1.000000000000000000e+03
1.000000000000000000e+03
1.000000000000000000e+03
1.000000000000000000e+03
1.000000000000000000e+03
1.000000000000000000e+03
1.000000000000000000e+03
1.000000000000000000e+03
1.000000000000000000e+03
1.000000000000000000e+03
1.000000000000000000e+03
1.000000000000000000e+03
1.000000000000000000e+03
1.000000000000000000e+03
1.000000000000000000e+03
1.000000000000000000e+03
1.000000000000000000e+03
1.000000000000000000e+03
1.000000000000000000e+03
1.000000000000000000e+03
1.000000000000000000e+03
1.000000000000000000e+03
1.000000000000000000e+03
1.000000000000000000e+03
1.000000000000000000e+03
1.000000000000000000e+03
1.000000000000000000e+03
1.000000000000000000e+03
1.000000000000000000e+03
1.000000000000000000e+03
1.000000000000000000e+03
1.000000000000000000e+03
1.000000000000000000e+03
1.000000000000000000e+03
1.000000000000000000e+03
1.000000000000000000e+03
1.000000000000000000e+03
1.000000000000000000e+03
1.000000000000000000e+03
1.000000000000000000e+03
1.000000000000000000e+03
1.000000000000000000e+03
1.000000000000000000e+03
1.000000000000000000e+03
1.000000000000000000e+03
1.000000000000000000e+03
1.000000000000000000e+03
1.000000000000000000e+03
1.000000000000000000e+03
1.000000000000000000e+03
1.000000000000000000e+03
1.000000000000000000e+03
1.000000000000000000e+03
1.000000000000000000e+03
1.000000000000000000e+03
1.000000000000000000e+03
1.000000000000000000e+03
1.000000000000000000e+03
1.000000000000000000e+03
1.000000000000000000e+03
1.000000000000000000e+03
1.000000000000000000e+03
1.000000000000000000e+03
1.000000000000000000e+03
1.000000000000000000e+03
1.000000000000000000e+03
1.000000000000000000e+03
1.000000000000000000e+03
1.000000000000000000e+03
1.000000000000000000e+03
1.000000000000000000e+03
1.000000000000000000e+03
1.000000000000000000e+03
1.000000000000000000e+03
1.000000000000000000e+03
1.000000000000000000e+03
1.000000000000000000e+03
1.000000000000000000e+03
1.000000000000000000e+03
1.000000000000000000e+03
1.000000000000000000e+03
1.000000000000000000e+03
1.000000000000000000e+03
1.000000000000000000e+03
1.000000000000000000e+03
1.000000000000000000e+03
1.000000000000000000e+03
1.000000000000000000e+03
1.000000000000000000e+03
1.000000000000000000e+03
1.000000000000000000e+03
1.000000000000000000e+03
1.000000000000000000e+03
1.000000000000000000e+03
1.000000000000000000e+03
1.000000000000000000e+03
1.000000000000000000e+03
1.000000000000000000e+03
1.000000000000000000e+03
1.000000000000000000e+03
1.000000000000000000e+03
1.000000000000000000e+03
1.000000000000000000e+03
1.000000000000000000e+03
1.000000000000000000e+03
1.000000000000000000e+03
1.000000000000000000e+03
1.000000000000000000e+03
1.000000000000000000e+03
1.000183269034759860e+03
1.001027990754120083e+03
1.001819545787729339e+03
1.003713858930967831e+03
1.008341665391320475e+03
1.014799382096530621e+03
1.022238626186554143e+03
1.032232404401829399e+03
1.040906960348288294e+03
1.050715158804013754e+03
1.060216195651312091e+03
1.071217021407234370e+03
1.081874971687655261e+03
1.094154301052052233e+03
1.105834670872495508e+03
1.115169557452753907e+03
1.126090168586666096e+03
1.136864821767316243e+03
1.148097059014206252e+03
1.159060867210349215e+03
1.171360834959956037e+03
1.180326178408772648e+03
1.191898100523572566e+03
1.203962321193941989e+03
1.215607261119525901e+03
1.226545440059287330e+03
1.237027132668896456e+03
1.246914265323045356e+03
1.256970382087336247e+03
1.268061240937556704e+03
1.279109319933965935e+03
1.289999287750646999e+03
1.299537139814899092e+03
1.311100077964611501e+03
1.320082889616671991e+03
1.331168801066375408e+03
1.342917888580931276e+03
1.356776601953129557e+03
1.367206600801047443e+03
1.378487354412356126e+03
1.389825687964494819e+03
1.400652044494633401e+03
1.411636188609408237e+03
1.422535041765743699e+03
1.436146331392146294e+03
1.448033532987787567e+03
1.459556461988909859e+03
1.471827005672213318e+03
1.481327346223478344e+03
1.492476323649786082e+03
1.503218377826258347e+03
1.513771206670769516e+03
1.525215936500844919e+03
1.536098531615932188e+03
1.545499703392095171e+03
1.558011214849263979e+03
1.568450751296531053e+03
1.580478503939816164e+03
1.591038018282847588e+03
1.603112882096883595e+03
1.614351573978829265e+03
1.626982657982769297e+03
1.635977899953779797e+03
1.647257773904912938e+03
1.658951138596961073e+03
1.670580987870056333e+03
1.681649584939267925e+03
1.694871401994351118e+03
1.706266263663883365e+03
1.719248581025058456e+03
1.729725814361510174e+03
1.741029423938006857e+03
1.752075154262740398e+03
1.763406324565928571e+03
1.776177120521864026e+03
1.787235048357814776e+03
1.799514119865142220e+03
1.810770667247731581e+03
1.823369977456416336e+03
1.838325194641186954e+03
1.851423072927326530e+03
1.862269753114241439e+03
1.873069580742322387e+03
1.884286686667600407e+03
1.895024352069847509e+03
1.906970424078019278e+03
1.917912106113208893e+03
1.930339408198870615e+03
1.941347325405674837e+03
1.953450620143410333e+03
1.970109469397301154e+03
1.981716844926247177e+03
2.023416146517768993e+03
2.108722459384444846e+03
2.249913349239290255e+03
2.563551246355591957e+03
