5.054587390112760814e-02
6.649568431130431501e-02
7.797264265617571966e-02
8.763110100645966904e-02
9.574008718996560030e-02
1.029935231075921886e-01
1.095630343475444274e-01
1.159088270872264542e-01
1.217822669023090471e-01
1.271006964520968729e-01
1.324635954684202921e-01
1.374585391765462405e-01
1.425101172715634856e-01
1.474037221830750144e-01
1.520120659849479305e-01
1.564690666959960563e-01
1.607668107931407298e-01
1.649898205906866755e-01
1.693286445990764277e-01
1.733960840046082919e-01
1.772600917750678240e-01
1.812657386080726851e-01
1.850842496474532639e-01
1.889810727863585615e-01
1.927917200205831738e-01
1.964677848918552350e-01
1.999837060397375577e-01
2.033255002912537635e-01
2.069535228308995445e-01
2.104559117251874611e-01
2.137897532246990084e-01
2.171654600535878610e-01
2.205527552154383786e-01
2.238637224135837378e-01
2.271605904558260669e-01
2.307409436634708932e-01
2.337700548233971054e-01
2.370469191019878852e-01
2.403973349108459168e-01
2.434552767916664529e-01
2.467330498047546339e-01
2.498491712928054831e-01
2.528270951510439568e-01
2.558697826476928339e-01
2.588878612906246324e-01
2.617938873907370567e-01
2.648381097420134944e-01
2.679175507186173366e-01
2.707784618927122633e-01
2.736468709439257574e-01
2.764594883653850865e-01
2.794203203283255887e-01
2.823186457015122164e-01
2.851087557126613103e-01
2.880982650839561954e-01
2.909563606774738798e-01
2.937371039006459461e-01
2.965564439177479916e-01
2.992110198914497143e-01
3.020997471904973697e-01
3.048929840937283364e-01
3.077363100898676818e-01
3.105785520171768233e-01
3.133197662755562440e-01
3.160103737095018017e-01
3.188723101458502129e-01
3.215727319838996845e-01
3.243979907596847845e-01
3.271295654010030751e-01
3.297268140347907606e-01
3.324511342348390741e-01
3.351918701073458018e-01
3.378148485958983316e-01
3.406801186045324004e-01
3.435630751733420585e-01
3.462770364537280376e-01
3.491315415280279444e-01
3.518718159855693806e-01
3.545087076147537264e-01
3.571061968432334699e-01
3.598557498926904241e-01
3.626792540355249228e-01
3.654337253931657092e-01
3.681364162674287677e-01
3.708658094884741407e-01
3.734800897056748670e-01
3.761088098426543791e-01
3.787979570265870843e-01
3.814225213187079633e-01
3.840999933969110325e-01
3.866404524881559279e-01
3.892765019566568618e-01
3.919540993599037737e-01
3.946353632698861857e-01
3.972683567411111616e-01
3.998184350870419013e-01
4.024585921515039799e-01
4.049660648652592676e-01
4.075974292109256769e-01
4.103933290977300752e-01
4.130495933790317986e-01
4.157378523893707767e-01
4.184607508486007932e-01
4.210800601792615283e-01
4.236478003100055956e-01
4.263398382035155643e-01
4.290471557561683080e-01
4.317090082025776265e-01
4.342846583325794541e-01
4.369473839500688239e-01
4.396013251621816997e-01
4.420607556191807896e-01
4.447021863593616509e-01
4.472443086094857745e-01
4.498166141493974979e-01
4.523592863112171347e-01
4.550796175521444886e-01
4.577383738342686303e-01
4.603939850070175033e-01
4.629785514380338474e-01
4.656426792415441773e-01
4.682334943900587354e-01
4.709444444346295722e-01
4.734621822714711326e-01
4.761008761480821638e-01
4.787433421027055824e-01
4.812861047297674610e-01
4.839842466000648935e-01
4.865891814172165764e-01
4.893428939555281021e-01
4.920422404832332508e-01
4.945108343854991984e-01
4.971153890612067805e-01
4.997116148787832390e-01
5.022900151376783473e-01
5.050736492803025168e-01
5.076995832955938370e-01
5.103596624633202072e-01
5.130787271209314993e-01
5.156372716962885905e-01
5.183108430192403526e-01
5.208921217935426062e-01
5.237220942665307133e-01
5.264348333567493432e-01
5.291178105003834231e-01
5.317343982940029301e-01
5.343938845517437475e-01
5.370946355508537939e-01
5.398409102810116655e-01
5.425965366023366432e-01
5.452134983980929661e-01
5.478603574428151379e-01
5.503882099713527376e-01
5.531881611239288787e-01
5.559452737716875648e-01
5.586522723989897354e-01
5.611779034445453229e-01
5.638180908269773139e-01
5.664905747959732008e-01
5.691806404974875111e-01
5.717956689064694897e-01
5.743318713086922322e-01
5.770175186778423448e-01
5.797104871889180444e-01
5.824601857890325807e-01
5.852016802988850852e-01
5.877851438115915261e-01
5.903896645434000279e-01
5.930006432112271408e-01
5.956127331510508993e-01
5.984520527349823649e-01
6.011702056113071846e-01
6.038652483021377249e-01
6.065214221192719579e-01
6.092244438345425506e-01
6.118447184942475969e-01
6.145681719648601327e-01
6.172773090436822763e-01
6.200759437950532638e-01
6.227330931981100992e-01
6.254081347278390712e-01
6.280348913601384586e-01
6.307510937891388503e-01
6.334615655721012040e-01
6.362830468252803628e-01
6.390222820238709023e-01
6.418852019122032182e-01
6.446113874688914613e-01
6.474014001356779291e-01
6.503341677934996179e-01
6.531796876894819803e-01
6.560167651846066095e-01
6.589752364281239450e-01
6.618899297163786111e-01
6.647248199776585320e-01
6.675574181002636998e-01
6.704146183857079278e-01
6.732998735684727620e-01
6.760708992599439027e-01
6.788903071473963990e-01
6.817215897122470558e-01
6.843496090392623410e-01
6.873991391530535067e-01
6.904089862806577216e-01
6.932623906526123037e-01
6.960362313317571825e-01
6.991314483382605749e-01
7.021170066921328390e-01
7.049812341597057053e-01
7.079539861495385278e-01
7.107813802136654369e-01
7.135591663724760725e-01
7.164366822503108745e-01
7.194358546580164049e-01
7.223584415958006488e-01
7.253978730817883802e-01
7.282398323920732386e-01
7.314252848636049187e-01
7.344067536138189078e-01
7.375990186069876220e-01
7.404867971504485169e-01
7.434781099483492861e-01
7.464306473346802306e-01
7.495781886989196785e-01
7.526285201106294176e-01
7.556032080149522878e-01
7.585626622509709094e-01
7.616152279311936280e-01
7.647478933784140898e-01
7.676740539069770719e-01
7.706986495177364782e-01
7.736855036564269650e-01
7.767793696671481118e-01
7.799438742151726389e-01
7.829870621941421582e-01
7.862122244958433814e-01
7.893783608248500228e-01
7.925879263828735644e-01
7.958792956015356967e-01
7.991391963803197163e-01
8.022731783266060512e-01
8.053158365130094198e-01
8.084249801844946015e-01
8.115163166946161022e-01
8.147609256345477169e-01
8.179512873705730991e-01
8.210602853025477099e-01
8.241516952232387228e-01
8.272842562306448322e-01
8.306334010516760458e-01
8.336272628850723843e-01
8.368098857794648016e-01
8.399804174796622336e-01
8.433233805703875818e-01
8.465537053116158894e-01
8.497932104061981518e-01
8.530832117330439113e-01
8.564121408070515251e-01
8.598643076961921539e-01
8.630427419885523532e-01
8.661938598006065915e-01
8.695031128391521591e-01
8.728243577128128594e-01
8.759799781386360396e-01
8.793780424992994060e-01
8.828237340781814879e-01
8.861595968640568755e-01
8.895358146869200011e-01
8.928896238985868372e-01
8.963805972941889522e-01
8.997389410675422639e-01
9.031951477232493808e-01
9.067635418602120190e-01
9.102082581592876309e-01
9.136890870403514553e-01
9.171136910563091327e-01
9.206789147983212018e-01
9.242450084251366826e-01
9.279339659848976352e-01
9.314242326934327743e-01
9.349508674786051188e-01
9.385421319696071185e-01
9.421486232129884231e-01
9.457557317065580227e-01
9.491886695686834186e-01
9.527188254439822312e-01
9.565387734222265959e-01
9.602651540077196124e-01
9.638608128363884697e-01
9.676969577548355517e-01
9.712407779413463338e-01
9.747726860849041941e-01
9.781445706865693479e-01
9.819655337465612588e-01
9.854940846218325223e-01
9.891709221537620111e-01
9.929241079607933340e-01
9.968547443008967113e-01
1.000620991397083159e+00
1.004367651920346161e+00
1.007916216550121202e+00
1.011680238288274136e+00
1.015441738881281752e+00
1.019212192255077420e+00
1.023122178532129833e+00
1.026800937804043468e+00
1.030725580708236278e+00
1.034392716562314352e+00
1.038325478348932407e+00
1.042345818452152129e+00
1.046355989026523270e+00
1.050503084004906551e+00
1.054580052624368491e+00
1.058487178032595288e+00
1.062500840897339982e+00
1.066580613661058274e+00
1.070553455018788069e+00
1.074783469572243355e+00
1.079005555188532028e+00
1.083254961035548414e+00
1.087521603812897197e+00
1.091720642368700922e+00
1.095835055513058043e+00
1.100104471454978361e+00
1.104549522105575887e+00
1.108868593088210286e+00
1.113062383776129316e+00
1.117211166071352180e+00
1.121517702011039841e+00
1.125832524240242272e+00
1.130128451189440941e+00
1.134304829597086783e+00
1.138666572336184846e+00
1.142984957245232192e+00
1.147295953810182345e+00
1.151876943196042502e+00
1.156489956658194096e+00
1.161099990278288363e+00
1.165746210589914122e+00
1.170329545272580818e+00
1.174642558998203468e+00
1.179160595172968007e+00
1.184000841279051697e+00
1.188533841704199956e+00
1.193173722659692126e+00
1.197829533871099583e+00
1.202282073199975487e+00
1.206816024494162587e+00
1.211581030581725837e+00
1.216495687474614451e+00
1.221399377435078870e+00
1.226172057143842808e+00
1.231138141322102753e+00
1.235864157924973838e+00
1.240647415132561271e+00
1.245417297522822153e+00
1.250247912496929237e+00
1.255098333531895927e+00
1.260090134406963935e+00
1.265162167147866557e+00
1.270242311522668865e+00
1.275231057042540250e+00
1.280429502626629468e+00
1.285675487198977729e+00
1.290651755804639977e+00
1.295704830892819404e+00
1.300667671930194391e+00
1.306120172069163754e+00
1.311433765961853126e+00
1.317012483106245524e+00
1.322168518512761404e+00
1.327683885846534517e+00
1.332993915414314445e+00
1.338602501596427130e+00
1.344093197398321227e+00
1.349930682390524384e+00
1.355527878448336221e+00
1.361263152286845690e+00
1.367273588160799358e+00
1.373122536529216120e+00
1.379003591418501040e+00
1.385060659768098779e+00
1.390805354050696385e+00
1.396791448345537034e+00
1.402715007159955674e+00
1.408582643223081909e+00
1.414756902972252428e+00
1.420819511090508636e+00
1.426837022216716822e+00
1.432925448600034235e+00
1.439041761745056380e+00
1.445346368643024570e+00
1.451572420817720754e+00
1.458257383756582426e+00
1.464759715694281983e+00
1.471651763194605333e+00
1.478048534800346259e+00
1.484790697644520652e+00
1.491359806788274955e+00
1.498114894200671010e+00
1.504597925898893962e+00
1.511301251178162053e+00
1.518353631818652572e+00
1.525126833804644644e+00
1.532527717100423015e+00
1.539400976274728716e+00
1.546695043760382804e+00
1.553842748577596078e+00
1.561111473850570475e+00
1.568254659557746233e+00
1.575560235980196566e+00
1.582814510331649327e+00
1.590484534794024185e+00
1.598329299358213884e+00
1.605888094611851002e+00
1.613650911412289446e+00
1.621702905248304294e+00
1.629483671312926374e+00
1.637444823116433801e+00
1.645459978459623995e+00
1.652995619770474933e+00
1.661551034533736093e+00
1.669813216257208577e+00
1.679107421182060467e+00
1.688093809278201185e+00
1.697077263205968745e+00
1.705509982925351942e+00
1.714084822138589814e+00
1.723569377669358582e+00
1.732568212948088604e+00
1.741460362886904090e+00
1.750336053845335860e+00
1.760141406939525366e+00
1.770216639165626216e+00
1.779774899425101919e+00
1.789475965607389973e+00
1.799872408329301177e+00
1.810117513332698547e+00
1.820102831764732088e+00
1.830529277183378545e+00
1.841305357830300693e+00
1.852555705270505948e+00
1.864087996548666082e+00
1.875666478396329051e+00
1.886920035863726808e+00
1.898823996862394115e+00
1.911664770035015115e+00
1.923451143410078057e+00
1.935480922139201088e+00
1.947701296279310990e+00
1.960576718882190761e+00
1.973579883951696923e+00
1.986437438232751651e+00
2.000007258033445368e+00
2.013272670431189404e+00
2.026947366037640474e+00
2.040942322244767571e+00
2.055702188070376746e+00
2.070455480519951319e+00
2.085811646776293049e+00
2.102275850850272132e+00
2.118155431421691492e+00
2.134710666676388868e+00
2.151673718678112746e+00
2.168168581734459366e+00
2.186359619958891720e+00
2.203630458148166493e+00
2.221458490556152299e+00
2.240385096204189797e+00
2.259522306378366707e+00
2.279956781778762043e+00
2.301497666583118828e+00
2.323040372365439143e+00
2.346120743749876780e+00
2.369225296451912044e+00
2.393938572284630695e+00
2.417649611372040930e+00
2.443062882638064259e+00
2.470166353080132549e+00
2.498636317416929042e+00
2.527604656537715933e+00
2.558566726371675593e+00
2.591895610840333042e+00
2.627207977718108101e+00
2.664167197595496805e+00
2.702442945687820952e+00
2.745190099197302835e+00
2.791823669274692943e+00
2.841620797034781987e+00
2.893780521334553324e+00
2.946323758591769870e+00
3.010843591974213140e+00
3.081302349220025327e+00
3.158726155612488373e+00
3.251929260128954446e+00
3.356584576919983132e+00
3.499310311268230667e+00
3.689207061123549902e+00
3.976889660424878237e+00
4.515440375366112313e+00
