1.397040879941562821e+02
1.696114653407590254e+02
1.899479492943079038e+02
2.051123845019439216e+02
2.176256573857416470e+02
2.286526874194134962e+02
2.385858634742457696e+02
2.476778249102491714e+02
2.560292704361762617e+02
2.637722599538612940e+02
2.711741210173544800e+02
2.781004890030741876e+02
2.844201226068663573e+02
2.909301410566886830e+02
2.968287592679277509e+02
3.026475036523852964e+02
3.081382808855367443e+02
3.133980841145926775e+02
3.189742468822348087e+02
3.240849302429328418e+02
3.288686536362655488e+02
3.335965482358025724e+02
3.385014895461594620e+02
3.429464189493252206e+02
3.471967878404308294e+02
3.514501819484943894e+02
3.555779478972901302e+02
3.597466475832102901e+02
3.637612801118397670e+02
3.677605930314199441e+02
3.716776354566654845e+02
3.754967335306051268e+02
3.792035007041615700e+02
3.830213903287613562e+02
3.865667082576633788e+02
3.902611177367333539e+02
3.938680293859760013e+02
3.974767409750248248e+02
4.011797077993537641e+02
4.043460928525319105e+02
4.075984308074224032e+02
4.108486601544228165e+02
4.141146990796244722e+02
4.173663222459331337e+02
4.205931583352320331e+02
4.237687653982529810e+02
4.268699964868760617e+02
4.300103682386267110e+02
4.330948194486589955e+02
4.362339244562695058e+02
4.392154237119625577e+02
4.424064474598155812e+02
4.456255923114099460e+02
4.484840173132099608e+02
4.515760651273407120e+02
4.545961734342528757e+02
4.574932760930411746e+02
4.604406417166881624e+02
4.634921404499592086e+02
4.662889332762942445e+02
4.692647741305959812e+02
4.721654684539997220e+02
4.748510555977449030e+02
4.778069123394177495e+02
4.807293930044812100e+02
4.835708840894623108e+02
4.862565315670918835e+02
4.890507809931177690e+02
4.918523239369446287e+02
4.945872320502260209e+02
4.973886959166749193e+02
5.001056201868444191e+02
5.028494588602620183e+02
5.055968424246762538e+02
5.083569757829720857e+02
5.110133856280029931e+02
5.136121661713056028e+02
5.163100896829396333e+02
5.190387739112356940e+02
5.216774536981378105e+02
5.243163955643284453e+02
5.268241840376182381e+02
5.294066984172983439e+02
5.318491480440021633e+02
5.344093343667866520e+02
5.368689714163738245e+02
5.393189126077983246e+02
5.418033263300757199e+02
5.443401812830190920e+02
5.469025999974306842e+02
5.493163959077592153e+02
5.517763082495945355e+02
5.543429623541505862e+02
5.568133619192478818e+02
5.593300954445015805e+02
5.616439663886633298e+02
5.641291310226570204e+02
5.666603939296069257e+02
5.691500588230524045e+02
5.715060820775109960e+02
5.738927007263956739e+02
5.762925882282492012e+02
5.788134020874016414e+02
5.811823315936825338e+02
5.836500565515475500e+02
5.860600335763348312e+02
5.884545752501340985e+02
5.908195371188439822e+02
5.931910744221345340e+02
5.956214073207830779e+02
5.980174877543953471e+02
6.003343548757301278e+02
6.026569406069717161e+02
6.049963468741756287e+02
6.073752875900460140e+02
6.098329218811151122e+02
6.121394654387559058e+02
6.145012037095315236e+02
6.167212129083570744e+02
6.190333978109473492e+02
6.213168502599893372e+02
6.235829035163189928e+02
6.257923156015233417e+02
6.279805209160191453e+02
6.302220702946406163e+02
6.325249018968675045e+02
6.347282677469819419e+02
6.370676642621491510e+02
6.395086380003585873e+02
6.417064088812629734e+02
6.440509467386799543e+02
6.462784820227079763e+02
6.484522355733824952e+02
6.505982070010339839e+02
6.529166161769466044e+02
6.552013229184043439e+02
6.575330968564421710e+02
6.597630686171463594e+02
6.620204585169335587e+02
6.643055464643416599e+02
6.665779950430884355e+02
6.687851118966019612e+02
6.709791578272480592e+02
6.731456183376029685e+02
6.754104931970604184e+02
6.775480232571097758e+02
6.798368491925392618e+02
6.819423689607026517e+02
6.841787730686859277e+02
6.865553985621069160e+02
6.887115434858000071e+02
6.909576731298814138e+02
6.931631714442623888e+02
6.953059211099572394e+02
6.975474313829109860e+02
6.998969468489830206e+02
7.021151801121251310e+02
7.043656168171729632e+02
7.064999811178239497e+02
7.087443980404239028e+02
7.109023733252095099e+02
7.131867081578795933e+02
7.153884837760607525e+02
7.176090474240855883e+02
7.198656864415744394e+02
7.220887817357345284e+02
7.242214803801363132e+02
7.263933954390146255e+02
7.287401498639944748e+02
7.310005000907664225e+02
7.332424195734033674e+02
7.354728973884741663e+02
7.375899532643189787e+02
7.398167610593458221e+02
7.421164396286114879e+02
7.443843538120920584e+02
7.465230133202957177e+02
7.488705668617441233e+02
7.510331316698166120e+02
7.534361126947010234e+02
7.556893880241445913e+02
7.579289250716055903e+02
7.602714134329996796e+02
7.624798392175937352e+02
7.645919708044917797e+02
7.667661442826828306e+02
7.689293396465814112e+02
7.713252967564097844e+02
7.737059269100499250e+02
7.760027642321553003e+02
7.783942583079042379e+02
7.805319090373436666e+02
7.828431827105158618e+02
7.851906077378255304e+02
7.875771182135375739e+02
7.896834943045063255e+02
7.920133739535644963e+02
7.942522320438130237e+02
7.964458656238011827e+02
7.987915955726563197e+02
8.010473202026880699e+02
8.032558001353678492e+02
8.054890180916754616e+02
8.078591292421439221e+02
8.101115834306572197e+02
8.123591755894606194e+02
8.145999745788719792e+02
8.167555869346172130e+02
8.190931870524948408e+02
8.213893446138359877e+02
8.236284058532152130e+02
8.259365049648563399e+02
8.284300929575927057e+02
8.307890912925968223e+02
8.331156802418223606e+02
8.354501354808502356e+02
8.377364539472209799e+02
8.400455390271063152e+02
8.423317112828956397e+02
8.446117672919842789e+02
8.468783371035792698e+02
8.492383591784085866e+02
8.513986529583941092e+02
8.536723148411833790e+02
8.558847439966481261e+02
8.581291600719446251e+02
8.604817104474742564e+02
8.628251899008641885e+02
8.651036619510747414e+02
8.673173991699771932e+02
8.696594378769747209e+02
8.720157053847797215e+02
8.743320159891779895e+02
8.766328707833400813e+02
8.790084736142084694e+02
8.813125390016574556e+02
8.836699279575872197e+02
8.860373332637354906e+02
8.882256333649775115e+02
8.905502493881426744e+02
8.928795572478757094e+02
8.951278476139111717e+02
8.975465580717830107e+02
8.999368068698627212e+02
9.022615472314873841e+02
9.046081919004034262e+02
9.069217804136897030e+02
9.092689554406447314e+02
9.116072337756816069e+02
9.141321785420340120e+02
9.165661864832617312e+02
9.189162171063620690e+02
9.212233478513400087e+02
9.236010193102430321e+02
9.259679392204964188e+02
9.284087243827615339e+02
9.307337429286429824e+02
9.331883618510431688e+02
9.355571592823192759e+02
9.380623774499040337e+02
9.405608983390632147e+02
9.429387261891372418e+02
9.454481264383523467e+02
9.480750763475376743e+02
9.505671935474766769e+02
9.530760446103923869e+02
9.555545704350749929e+02
9.579521253654155544e+02
9.602420735297636156e+02
9.627671273856680045e+02
9.652725862563186183e+02
9.676855934856102976e+02
9.701254400814934797e+02
9.726106292207052775e+02
9.750906997026469298e+02
9.776542050982097862e+02
9.801528435994529218e+02
9.827295577193485769e+02
9.853992357489474898e+02
9.879373742476724374e+02
9.905920811618350399e+02
9.931292042666724456e+02
9.957815516954469786e+02
9.983847393773111207e+02
1.000846693139361719e+03
1.003474048511245201e+03
1.006041483265998977e+03
1.008694067650368311e+03
1.011344562832291672e+03
1.013994839159425169e+03
1.016665697193326878e+03
1.019362628446910662e+03
1.022026078870930633e+03
1.024608463968916567e+03
1.027411418254676164e+03
1.030078191285069352e+03
1.032746068134268398e+03
1.035430067705130341e+03
1.038089661306774133e+03
1.040773092581513993e+03
1.043491539705350988e+03
1.046238478610415086e+03
1.049136553673153685e+03
1.051786058653503005e+03
1.054527849086333845e+03
1.057270092201506714e+03
1.060095085093416174e+03
1.062826164071399944e+03
1.065671175158984397e+03
1.068409375927272322e+03
1.071124394828695586e+03
1.073975477915674674e+03
1.076782910962502683e+03
1.079671631126560669e+03
1.082414435673484149e+03
1.085276343551556010e+03
1.088113410160180138e+03
1.091122948521796388e+03
1.093984742481232161e+03
1.097021550012956141e+03
1.099872849060084945e+03
1.102760469195477071e+03
1.105569141360386766e+03
1.108585258194460266e+03
1.111496620889143287e+03
1.114429794380175963e+03
1.117389704497149751e+03
1.120260476494915110e+03
1.123163763143402093e+03
1.126051939802061042e+03
1.128909214479928778e+03
1.131739825919768009e+03
1.134728284262318766e+03
1.137818557847845568e+03
1.141029565689754691e+03
1.144024062859850574e+03
1.147294934736252799e+03
1.150458835960474062e+03
1.153597751644732170e+03
1.156695621930153038e+03
1.159754847720590078e+03
1.162803711502503120e+03
1.166065093514438104e+03
1.169193407260958793e+03
1.172394440224093387e+03
1.175754955408342539e+03
1.179092102745823468e+03
1.182512615913427680e+03
1.185883910901548006e+03
1.189266467314680540e+03
1.192569638244897988e+03
1.195723665050047885e+03
1.199074021071881361e+03
1.202593493224671874e+03
1.205874297428639693e+03
1.209268927663541945e+03
1.212708448777009835e+03
1.216100038048944498e+03
1.219397144642058947e+03
1.223011331505847465e+03
1.226280935399913687e+03
1.229967293477992598e+03
1.233389779559844783e+03
1.236900610557118625e+03
1.240568810450817409e+03
1.244411526764927885e+03
1.247984299781776599e+03
1.251538663893458533e+03
1.255206970624311907e+03
1.258904788166080607e+03
1.262548875120475714e+03
1.266282720030092378e+03
1.270040694327564552e+03
1.273744524098015063e+03
1.277674566375004815e+03
1.281501052298099012e+03
1.285110379332272942e+03
1.288718001975759762e+03
1.292598952223136848e+03
1.296489204835993633e+03
1.300314509899866835e+03
1.304355009726298249e+03
1.308352298786713163e+03
1.312126735333050647e+03
1.315967772125505007e+03
1.320034607298696301e+03
1.323934196353798143e+03
1.327929634775236082e+03
1.332022648148454664e+03
1.336246368165483318e+03
1.340352161636517849e+03
1.344685513171969433e+03
1.349084058077587997e+03
1.353359416106550043e+03
1.357633894981527192e+03
1.361874129359852304e+03
1.366357289871740022e+03
1.370821591803699675e+03
1.375177330647719828e+03
1.379504812094028466e+03
1.384033383574705340e+03
1.388743061973610565e+03
1.393182393456133241e+03
1.397612739056909277e+03
1.402238694174787042e+03
1.406638441820143044e+03
1.411593693557807455e+03
1.416222167640345333e+03
1.420780089543051190e+03
1.425529355420970887e+03
1.430248340285385666e+03
1.435090824107099934e+03
1.440335757322942072e+03
1.445340829459970337e+03
1.450368877012209396e+03
1.455527197219327036e+03
1.460877037814210325e+03
1.465874126201857052e+03
1.471181794726128828e+03
1.476516854859112073e+03
1.482043920510729095e+03
1.487223955317524997e+03
1.492588245352676267e+03
1.498568929082303384e+03
1.504037116134439884e+03
1.509656772763556091e+03
1.515473795865171951e+03
1.521524494734212794e+03
1.527363360181449480e+03
1.533203404768152041e+03
1.539024664305822625e+03
1.545370794826999600e+03
1.551389105957031006e+03
1.557853947736849477e+03
1.564426457533080338e+03
1.570686856372709599e+03
1.577306384847995560e+03
1.583594382478991065e+03
1.590512458546143534e+03
1.597342163411640968e+03
1.604291225514911048e+03
1.611324020306688681e+03
1.618405872329451540e+03
1.625837278155384865e+03
1.633146983217433217e+03
1.640445349503679608e+03
1.648369368171361884e+03
1.655903072337288904e+03
1.663532264777115870e+03
1.671620613141404419e+03
1.679636105483514712e+03
1.687439302629189115e+03
1.695510669583616163e+03
1.703687698729934482e+03
1.712535855389764038e+03
1.721473046389106230e+03
1.730506370768552870e+03
1.739968713532906804e+03
1.749049209516854262e+03
1.758505965137377189e+03
1.768198590041893794e+03
1.777878500754176684e+03
1.787490767927000661e+03
1.797374261328419607e+03
1.807694194777124039e+03
1.818493343506551128e+03
1.829601036982827054e+03
1.841308916235935840e+03
1.853296659470003306e+03
1.866231572744175764e+03
1.878600431693610972e+03
1.891740089165363997e+03
1.905383364426451863e+03
1.919175382703574087e+03
1.933762527214092188e+03
1.948294955285053447e+03
1.963777046230933138e+03
1.980412049738446058e+03
1.998328822781985991e+03
2.016175296877541314e+03
2.033916803455604622e+03
2.052854064059158191e+03
2.072548295178396529e+03
2.094118741370095449e+03
2.116622699385133274e+03
2.140853623380869976e+03
2.164601085636528296e+03
2.191430417820938146e+03
2.220816634066233291e+03
2.251623090691717152e+03
2.286307574860374643e+03
2.324964255719626181e+03
2.367559646289046213e+03
2.414380339674175048e+03
2.468906741513401812e+03
2.538979614704415326e+03
2.622218376755939516e+03
2.731730435739361837e+03
2.891254402738065892e+03
3.183150778722967971e+03
