5.268058589196802366e-01
5.649173356629564324e-01
5.849984341876094396e-01
6.006644480553438026e-01
6.123522011263486942e-01
6.224093808890438506e-01
6.312752452807623982e-01
6.391779999841322724e-01
6.456220615531736984e-01
6.519834210484314330e-01
6.576961506750195197e-01
6.630973199212034652e-01
6.682557283713158602e-01
6.728614905468781604e-01
6.771351970705581369e-01
6.811560020338111032e-01
6.853561361239814964e-01
6.891595605875250330e-01
6.930407386551152848e-01
6.966087738584999522e-01
7.001329132583695714e-01
7.032564566364116754e-01
7.063840285476264969e-01
7.094346589006780279e-01
7.122484111142282082e-01
7.150593602049827302e-01
7.178663673888845409e-01
7.205847207013780231e-01
7.232319167857707010e-01
7.258629074693601080e-01
7.284898688713514758e-01
7.309298364663382452e-01
7.333512943830600150e-01
7.357370677092314182e-01
7.380385742637622926e-01
7.404204759168386829e-01
7.426518365947255562e-01
7.447681474581447914e-01
7.468674957437422268e-01
7.489628901741615108e-01
7.511018942400417009e-01
7.531405972184882502e-01
7.552078295986546230e-01
7.571301490450845773e-01
7.591221908353298353e-01
7.611238888055973373e-01
7.630431054651095613e-01
7.649523016065440384e-01
7.667329010149984692e-01
7.684293466679757989e-01
7.702519452107365883e-01
7.719931010898050117e-01
7.736970796106820147e-01
7.753999767905996876e-01
7.770926075153710144e-01
7.787185386277326593e-01
7.804251614498659562e-01
7.820659107806718913e-01
7.836862773770612023e-01
7.852858864100945580e-01
7.868480228726236758e-01
7.883918698596829033e-01
7.899102969759727033e-01
7.915017048552490664e-01
7.930506756393993495e-01
7.945493459841658224e-01
7.960797636634681096e-01
7.976490833910930833e-01
7.991115522768214019e-01
8.005016350183129514e-01
8.019354585407169056e-01
8.033205536932188640e-01
8.046290676759023652e-01
8.060185867411313598e-01
8.073686319357709085e-01
8.087717181226655727e-01
8.101540729497417326e-01
8.115985305290387419e-01
8.129408209648597561e-01
8.142056708536358212e-01
8.156057856878357049e-01
8.168970643961971367e-01
8.181965659462746565e-01
8.194603040494254920e-01
8.208658780920993214e-01
8.221264977854257916e-01
8.234073027805375311e-01
8.247004056968714192e-01
8.259503555603020519e-01
8.273109289898961105e-01
8.285857449726679036e-01
8.298722218107863480e-01
8.311432780499314887e-01
8.323482552322385430e-01
8.336129468392156072e-01
8.348384549442815494e-01
8.360850416635264848e-01
8.373429597868555785e-01
8.384849119319954802e-01
8.396022116033977634e-01
8.408121440891342946e-01
8.419954441475939744e-01
8.431265197662343169e-01
8.442607885104037591e-01
8.454057762596349779e-01
8.465511288978979643e-01
8.477199146063317814e-01
8.488966493959729798e-01
8.500433955375878980e-01
8.511221943516904531e-01
8.522506634407330806e-01
8.533565385286424609e-01
8.544730181920271450e-01
8.555886707233373301e-01
8.567216525723126974e-01
8.578346634411891936e-01
8.589149017522036411e-01
8.600618485718533046e-01
8.612154181506972428e-01
8.622946258806898356e-01
8.633628189176284495e-01
8.644930924489274693e-01
8.656590894308789919e-01
8.667445085558858064e-01
8.678107285311127406e-01
8.688930008720637810e-01
8.699801074959954139e-01
8.711052653450057637e-01
8.721407687854281221e-01
8.731772320072688220e-01
8.742674921852062742e-01
8.753169830602436363e-01
8.764049021460944555e-01
8.774120504306152091e-01
8.784164110654920643e-01
8.794574551037640520e-01
8.804919606922891884e-01
8.814982816275367394e-01
8.824935731948327922e-01
8.834600356231050444e-01
8.844557659446634634e-01
8.854731315207944320e-01
8.864796873571404445e-01
8.874203656052576106e-01
8.884416637732373001e-01
8.893792858387088440e-01
8.903469629965804488e-01
8.913904350267125576e-01
8.923716489173924016e-01
8.933954571366475861e-01
8.944472612570227854e-01
8.954314675000726309e-01
8.964391814330662234e-01
8.973904778830561479e-01
8.983721997713420837e-01
8.993453468923028327e-01
9.003114187995784334e-01
9.012911148475769574e-01
9.022812992388689057e-01
9.032983978697461946e-01
9.042313308305314212e-01
9.052786272395244582e-01
9.063047410487617972e-01
9.072607811036056402e-01
9.082414399652524173e-01
9.091866773928782841e-01
9.101435339948481529e-01
9.110433999349631939e-01
9.120101027779713432e-01
9.129563304015870795e-01
9.139516630276234288e-01
9.149349587768864644e-01
9.158843438606872889e-01
9.168205761560294098e-01
9.178269308139413996e-01
9.187897641614564126e-01
9.197879173104891448e-01
9.207330637396783368e-01
9.216774918124319704e-01
9.226308596682786245e-01
9.235612433554282186e-01
9.244997324423567253e-01
9.254446404949869809e-01
9.263767734353687278e-01
9.272871513205717120e-01
9.282450543497617890e-01
9.292116391830900213e-01
9.302025521979527811e-01
9.311135944389468122e-01
9.320966638900008983e-01
9.330435762669290201e-01
9.339466446972700675e-01
9.348512786358931237e-01
9.357704080354758425e-01
9.367303836807779893e-01
9.376690705604527887e-01
9.386085525677009267e-01
9.396205559206064484e-01
9.405983855518023073e-01
9.415304014635843544e-01
9.424323911824840083e-01
9.433877093987828033e-01
9.443047555177496166e-01
9.452458011157236495e-01
9.461711238617820374e-01
9.470630998184695892e-01
9.479691945293680089e-01
9.488978764354065731e-01
9.497968169281647555e-01
9.507041212269421449e-01
9.516522972298879779e-01
9.525805866943846123e-01
9.535105315968396278e-01
9.544145740695197944e-01
9.553202411128003391e-01
9.562679129091019581e-01
9.571648804118543241e-01
9.581233024909509011e-01
9.590541776701853038e-01
9.599866181801839371e-01
9.608769642135875921e-01
9.617962518474982847e-01
9.627072477818273688e-01
9.636367458304309075e-01
9.645769462145913353e-01
9.654998638126029986e-01
9.664074787475452899e-01
9.673274571773186059e-01
9.682819594129467022e-01
9.691963461997571416e-01
9.701620982358643008e-01
9.711391244118228183e-01
9.720283312774598006e-01
9.729845488652879570e-01
9.739539115861794993e-01
9.748279654280296302e-01
9.757845236701205849e-01
9.767459684803427855e-01
9.776877212669826678e-01
9.786148835345849228e-01
9.795152844737760045e-01
9.804602425531402377e-01
9.813721723032851063e-01
9.823089222525915876e-01
9.832342155249621518e-01
9.841576650185815955e-01
9.850661880582147756e-01
9.860550112800805511e-01
9.869568289177946818e-01
9.879032185166555236e-01
9.887950965096719003e-01
9.897639789093601870e-01
9.907223430923324248e-01
9.916665863170610606e-01
9.925431106554833960e-01
9.934968137784614406e-01
9.944558148884510285e-01
9.954500950849560770e-01
9.963764369615827343e-01
9.972897100258966141e-01
9.982203670288131159e-01
9.991427660441424274e-01
1.000100157815824398e+00
1.001051024481183660e+00
1.001996981658713093e+00
1.002985476522291863e+00
1.003955923555994945e+00
1.004887608002432708e+00
1.005841375778501856e+00
1.006772406668582809e+00
1.007672784255212006e+00
1.008615713643946643e+00
1.009540066672848013e+00
1.010541227690338273e+00
1.011468562227314294e+00
1.012405237528502422e+00
1.013388958316947974e+00
1.014368532999125883e+00
1.015326726257232304e+00
1.016268252357229507e+00
1.017184648831139127e+00
1.018113602981382870e+00
1.019103481852256188e+00
1.020051830870178700e+00
1.021033628089417888e+00
1.021971887821744973e+00
1.023003026106604985e+00
1.023986170176216959e+00
1.024926185233744791e+00
1.025896740749594249e+00
1.026911390499180676e+00
1.027919607906081279e+00
1.028897060373902050e+00
1.029825889768201330e+00
1.030821477032208167e+00
1.031891825194763745e+00
1.032881855232075097e+00
1.033897877204543514e+00
1.034924148053037118e+00
1.035905178159408413e+00
1.036880765352126144e+00
1.037880029570077189e+00
1.038854429643696342e+00
1.039827406390103626e+00
1.040803025099560575e+00
1.041762663541481615e+00
1.042745800122048427e+00
1.043720436274816699e+00
1.044740946571331097e+00
1.045738236970662927e+00
1.046769320780352119e+00
1.047777824382725376e+00
1.048771252462437520e+00
1.049769414271628509e+00
1.050784194393021620e+00
1.051808300840846089e+00
1.052920284628324765e+00
1.053975641406420083e+00
1.054982616887780278e+00
1.056037206939099082e+00
1.057090647833680341e+00
1.058141118451349172e+00
1.059143359958201858e+00
1.060149479986978616e+00
1.061191122076108106e+00
1.062247832900433009e+00
1.063357353381609860e+00
1.064364871094337417e+00
1.065400344582095871e+00
1.066402039444716010e+00
1.067437092456329450e+00
1.068502164570311663e+00
1.069572799187583412e+00
1.070677132753111493e+00
1.071718436715359157e+00
1.072806038418722130e+00
1.073874702728666364e+00
1.074981767977532865e+00
1.076094784444314945e+00
1.077180808010295365e+00
1.078334593514876483e+00
1.079459698997829564e+00
1.080625998786198139e+00
1.081771955798996210e+00
1.082899586548745852e+00
1.084062883084673690e+00
1.085150656195758456e+00
1.086354554565341468e+00
1.087516191268561805e+00
1.088605185400145059e+00
1.089719764875954011e+00
1.090844655890210735e+00
1.092017222015198019e+00
1.093193639493905467e+00
1.094380809012805766e+00
1.095632598000726876e+00
1.096804055828088043e+00
1.098043130803690870e+00
1.099179739422023960e+00
1.100349654149328948e+00
1.101491692015013957e+00
1.102702937447000986e+00
1.103843178880593578e+00
1.104987001617495856e+00
1.106197700666280426e+00
1.107365437364116190e+00
1.108512892392672589e+00
1.109776298652232152e+00
1.111056325142747214e+00
1.112283381358387224e+00
1.113497953551928932e+00
1.114714163933335556e+00
1.115966785865716737e+00
1.117204835219443249e+00
1.118508795673193390e+00
1.119737887568257317e+00
1.121040708919706086e+00
1.122333874938061360e+00
1.123664738697514487e+00
1.124943104768310498e+00
1.126252085565840000e+00
1.127507404164965754e+00
1.128893544142997918e+00
1.130283814004698018e+00
1.131617284188783712e+00
1.132910618218333276e+00
1.134196603499541878e+00
1.135498458864116378e+00
1.136814921831101000e+00
1.138216174948335491e+00
1.139582185107978818e+00
1.140960983032309528e+00
1.142377611041930141e+00
1.143773017211203280e+00
1.145117467967473379e+00
1.146591235303352274e+00
1.147921724043397429e+00
1.149397197287239436e+00
1.150867042401696461e+00
1.152385007735027278e+00
1.153906061500353797e+00
1.155439826952696203e+00
1.156909017859246935e+00
1.158392879409822385e+00
1.159977068504095321e+00
1.161472298069985420e+00
1.163038248524018492e+00
1.164675803534106047e+00
1.166197964362952311e+00
1.167845684819467156e+00
1.169405572122669046e+00
1.170965403585303211e+00
1.172561147560809092e+00
1.174163063149163522e+00
1.175812730575735987e+00
1.177461806547326351e+00
1.179160220445405249e+00
1.180837565252521149e+00
1.182443930506842378e+00
1.184164889233888296e+00
1.185904488572685489e+00
1.187597841043610103e+00
1.189343722844281359e+00
1.191068849979634248e+00
1.192857738785805033e+00
1.194668540299404835e+00
1.196514894108488436e+00
1.198428659810314212e+00
1.200355786428871419e+00
1.202118640066936806e+00
1.204037625089746877e+00
1.206049227374552224e+00
1.207967435739665918e+00
1.209992586343828336e+00
1.211987078407181562e+00
1.213993962472169841e+00
1.216045375861465772e+00
1.218047813803957879e+00
1.220183936487374998e+00
1.222226487079677959e+00
1.224356102628456178e+00
1.226545753545154049e+00
1.228717524697637620e+00
1.230896665297492643e+00
1.233308462345216849e+00
1.235623813996925779e+00
1.237937300493515469e+00
1.240481489588215691e+00
1.242786795696045665e+00
1.245224814342793529e+00
1.247767476167369605e+00
1.250223354481470706e+00
1.252788072646392248e+00
1.255388413294571182e+00
1.258105555619458693e+00
1.260893140127150369e+00
1.263630966744648143e+00
1.266259695540280061e+00
1.269043047080756770e+00
1.271944912122455529e+00
1.274863674463005747e+00
1.277872659158620694e+00
1.280820984436775944e+00
1.283938855653790956e+00
1.287126914607129358e+00
1.290291337972179653e+00
1.293607270230313633e+00
1.296956285069053472e+00
1.300561112434506228e+00
1.304297585469332610e+00
1.308107442290607381e+00
1.311884441980378568e+00
1.315759361985497033e+00
1.319615693840382908e+00
1.323814034499899428e+00
1.328041969702794090e+00
1.332610893295623544e+00
1.337187289189625483e+00
1.342279318951504985e+00
1.347212220137170124e+00
1.352352042401071319e+00
1.357819183841070698e+00
1.363400708195247057e+00
1.369789433723010097e+00
1.376652375756555857e+00
1.383439437995569232e+00
1.391060983458408895e+00
1.398528680758957199e+00
1.406162753682519195e+00
1.415084646638863353e+00
1.425043425707954059e+00
1.435286374300362322e+00
1.447470330109246195e+00
1.460914054489820701e+00
1.475819927255680231e+00
1.493830191334090784e+00
1.516555980949288340e+00
1.543493102592950805e+00
1.584690727448019754e+00
1.661690273581012622e+00
