1.070993532489933386e+01
2.119131877277475695e+01
3.144808012917361495e+01
4.389276262639199899e+01
5.399241934259390518e+01
6.527433418002162568e+01
7.596552017486405362e+01
8.649443872764672392e+01
9.839777948303868982e+01
1.077941184625922659e+02
1.194398311213245449e+02
1.299542846390470174e+02
1.418227676950245097e+02
1.542560006664023717e+02
1.648735750967778984e+02
1.772396260478600141e+02
1.892377737896798635e+02
1.997889564159897304e+02
2.084929448080738439e+02
2.198853580786728230e+02
2.320298580970827516e+02
2.431895824604258110e+02
2.542544138473136570e+02
2.655146430991108559e+02
2.769693851288369046e+02
2.892757251139721006e+02
2.993689013787874273e+02
3.083276406532124270e+02
3.185986747846419576e+02
3.282197706110205218e+02
3.386920409899857418e+02
3.476886137820415001e+02
3.585938858129487699e+02
3.692651623262395901e+02
3.787821133594437697e+02
3.876601825346684222e+02
3.980819303855356566e+02
4.079281566714026326e+02
4.180931435334698563e+02
4.297067104230139307e+02
4.403195333379607632e+02
4.512184770981482984e+02
4.613963777774598043e+02
4.709822151514379129e+02
4.813344157191770591e+02
4.916128307199877554e+02
5.004573629075406416e+02
5.121897449138629099e+02
5.209383128024038569e+02
5.301317323242096791e+02
5.398463271016503313e+02
5.516989354205938980e+02
5.622208130698230661e+02
5.730697273370474250e+02
5.813133620943348205e+02
5.918586114492370598e+02
6.017128093570532883e+02
6.125537067707746246e+02
6.241320866902943862e+02
6.340068573079496446e+02
6.444809230716660977e+02
6.554903068147391423e+02
6.662220085104428335e+02
6.767386789127563134e+02
6.865101548434843153e+02
6.963013635468357734e+02
7.075825284352445124e+02
7.169868160959761099e+02
7.284253771458199935e+02
7.398688606313700120e+02
7.515232943467827909e+02
7.621076067812741712e+02
7.735477013184888619e+02
7.845102280546568636e+02
7.941375252114568184e+02
8.071569857592588733e+02
8.157013975546969959e+02
8.268469278334982846e+02
8.366821744635329878e+02
8.465777586718608063e+02
8.577965688483257054e+02
8.680624966878452824e+02
8.782388425901949631e+02
8.893866463698909683e+02
8.995635806745819991e+02
9.099180712670400908e+02
9.215963865906078354e+02
9.333863662195446977e+02
9.452540806297184872e+02
9.559740444911776649e+02
9.661479845153837687e+02
9.759759427531687379e+02
9.833221737314607935e+02
9.898825456762922386e+02
9.946774711816177614e+02
9.971733717901505543e+02
9.988571191133484035e+02
9.997456171402408245e+02
1.000000000000000000e+03
1.000000000000000000e+03
1.000000000000000000e+03
1.000000000000000000e+03
1.000000000000000000e+03
1.000000000000000000e+03
1.000000000000000000e+03
1.000000000000000000e+03
1.000000000000000000e+03
1.000000000000000000e+03
1.000000000000000000e+03
1.000000000000000000e+03
1.000000000000000000e+03
1.000000000000000000e+03
1.000000000000000000e+03
1.000000000000000000e+03
1.000000000000000000e+03
1.000000000000000000e+03
1.000000000000000000e+03
1.000000000000000000e+03
1.000000000000000000e+03
1.000000000000000000e+03
1.000000000000000000e+03
1.000000000000000000e+03
1.000000000000000000e+03
1.000000000000000000e+03
1.000000000000000000e+03
1.000000000000000000e+03
1.000000000000000000e+03
1.000000000000000000e+03
1.000000000000000000e+03
1.000000000000000000e+03
1.000000000000000000e+03
1.000000000000000000e+03
1.000000000000000000e+03
1.000000000000000000e+03
1.000000000000000000e+03
1.000000000000000000e+03
1.000000000000000000e+03
1.000000000000000000e+03
1.000000000000000000e+03
1.000000000000000000e+03
1.000000000000000000e+03
1.000000000000000000e+03
1.000000000000000000e+03
1.000000000000000000e+03
1.000000000000000000e+03
1.000000000000000000e+03
1.000000000000000000e+03
1.000000000000000000e+03
1.000000000000000000e+03
1.000000000000000000e+03
1.000000000000000000e+03
1.000000000000000000e+03
1.000000000000000000e+03
1.000000000000000000e+03
1.000000000000000000e+03
1.000000000000000000e+03
1.000000000000000000e+03
1.000000000000000000e+03
1.000000000000000000e+03
1.000000000000000000e+03
1.000000000000000000e+03
1.000000000000000000e+03
1.000000000000000000e+03
1.000000000000000000e+03
1.000000000000000000e+03
1.000000000000000000e+03
1.000000000000000000e+03
1.000000000000000000e+03
1.000000000000000000e+03
1.000000000000000000e+03
1.000000000000000000e+03
1.000000000000000000e+03
1.000000000000000000e+03
1.000000000000000000e+03
1.000000000000000000e+03
1.000000000000000000e+03
1.000000000000000000e+03
1.000000000000000000e+03
1.000000000000000000e+03
1.000000000000000000e+03
1.000000000000000000e+03
1.000000000000000000e+03
1.000000000000000000e+03
1.000000000000000000e+03
1.000000000000000000e+03
1.000000000000000000e+03
1.000000000000000000e+03
1.000000000000000000e+03
1.000000000000000000e+03
1.000000000000000000e+03
1.000000000000000000e+03
1.000000000000000000e+03
1.000000000000000000e+03
1.000000000000000000e+03
1.000000000000000000e+03
1.000000000000000000e+03
1.000000000000000000e+03
1.000000000000000000e+03
1.000000000000000000e+03
1.000000000000000000e+03
1.000000000000000000e+03
1.000000000000000000e+03
1.000000000000000000e+03
1.000000000000000000e+03
1.000000000000000000e+03
1.000000000000000000e+03
1.000000000000000000e+03
1.000000000000000000e+03
1.000000000000000000e+03
1.000000000000000000e+03
1.000000000000000000e+03
1.000000000000000000e+03
1.000000000000000000e+03
1.000000000000000000e+03
1.000000000000000000e+03
1.000000000000000000e+03
1.000000000000000000e+03
1.000000000000000000e+03
1.000000000000000000e+03
1.000000000000000000e+03
1.000000000000000000e+03
1.000000000000000000e+03
1.000000000000000000e+03
1.000000000000000000e+03
1.000000000000000000e+03
1.000000000000000000e+03
1.000000000000000000e+03
1.000000000000000000e+03
1.000000000000000000e+03
1.000000000000000000e+03
1.000000000000000000e+03
1.000000000000000000e+03
1.000000000000000000e+03
1.000000000000000000e+03
1.000000000000000000e+03
1.000000000000000000e+03
1.000000000000000000e+03
1.000000000000000000e+03
1.000000000000000000e+03
1.000000000000000000e+03
1.000000000000000000e+03
1.000000000000000000e+03
1.000000000000000000e+03
1.000000000000000000e+03
1.000000000000000000e+03
1.000000000000000000e+03
1.000000000000000000e+03
1.000000000000000000e+03
1.000000000000000000e+03
1.000000000000000000e+03
1.000000000000000000e+03
1.000000000000000000e+03
1.000000000000000000e+03
1.000000000000000000e+03
1.000000000000000000e+03
1.000000000000000000e+03
1.000000000000000000e+03
1.000000000000000000e+03
1.000000000000000000e+03
1.000000000000000000e+03
1.000000000000000000e+03
1.000000000000000000e+03
1.000000000000000000e+03
1.000000000000000000e+03
1.000000000000000000e+03
1.000000000000000000e+03
1.000000000000000000e+03
1.000000000000000000e+03
1.000000000000000000e+03
1.000000000000000000e+03
1.000000000000000000e+03
1.000000000000000000e+03
1.000000000000000000e+03
1.000000000000000000e+03
1.000000000000000000e+03
1.000000000000000000e+03
1.000000000000000000e+03
1.000000000000000000e+03
1.000000000000000000e+03
1.000000000000000000e+03
1.000000000000000000e+03
1.000000000000000000e+03
1.000000000000000000e+03
1.000000000000000000e+03
1.000000000000000000e+03
1.000000000000000000e+03
1.000000000000000000e+03
1.000000000000000000e+03
1.000000000000000000e+03
1.000000000000000000e+03
1.000000000000000000e+03
1.000000000000000000e+03
1.000000000000000000e+03
1.000000000000000000e+03
1.000000000000000000e+03
1.000000000000000000e+03
1.000000000000000000e+03
1.000000000000000000e+03
1.000000000000000000e+03
1.000000000000000000e+03
1.000000000000000000e+03
1.000000000000000000e+03
1.000000000000000000e+03
1.000000000000000000e+03
1.000000000000000000e+03
1.000000000000000000e+03
1.000000000000000000e+03
1.000000000000000000e+03
1.000000000000000000e+03
1.000000000000000000e+03
1.000000000000000000e+03
1.000000000000000000e+03
1.000000000000000000e+03
1.000000000000000000e+03
1.000000000000000000e+03
1.000000000000000000e+03
1.000000000000000000e+03
1.000000000000000000e+03
1.000000000000000000e+03
1.000000000000000000e+03
1.000000000000000000e+03
1.000000000000000000e+03
1.000000000000000000e+03
1.000000000000000000e+03
1.000000000000000000e+03
1.000000000000000000e+03
1.000000000000000000e+03
1.000000000000000000e+03
1.000000000000000000e+03
1.000000000000000000e+03
1.000000000000000000e+03
1.000000000000000000e+03
1.000000000000000000e+03
1.000000000000000000e+03
1.000000000000000000e+03
1.000000000000000000e+03
1.000000000000000000e+03
1.000000000000000000e+03
1.000000000000000000e+03
1.000000000000000000e+03
1.000000000000000000e+03
1.000000000000000000e+03
1.000000000000000000e+03
1.000000000000000000e+03
1.000000000000000000e+03
1.000000000000000000e+03
1.000000000000000000e+03
1.000000000000000000e+03
1.000000000000000000e+03
1.000000000000000000e+03
1.000000000000000000e+03
1.000000000000000000e+03
1.000000000000000000e+03
1.000000000000000000e+03
1.000000000000000000e+03
1.000000000000000000e+03
1.000000000000000000e+03
1.000000000000000000e+03
1.000000000000000000e+03
1.000000000000000000e+03
1.000000000000000000e+03
1.000000000000000000e+03
1.000000000000000000e+03
1.000000000000000000e+03
1.000000000000000000e+03
1.000000000000000000e+03
1.000000000000000000e+03
1.000000000000000000e+03
1.000000000000000000e+03
1.000000000000000000e+03
1.000000000000000000e+03
1.000000000000000000e+03
1.000000000000000000e+03
1.000000000000000000e+03
1.000000000000000000e+03
1.000000000000000000e+03
1.000000000000000000e+03
1.000000000000000000e+03
1.000000000000000000e+03
1.000000000000000000e+03
1.000000000000000000e+03
1.000000000000000000e+03
1.000000000000000000e+03
1.000000000000000000e+03
1.000000000000000000e+03
1.000000000000000000e+03
1.000000000000000000e+03
1.000000000000000000e+03
1.000000000000000000e+03
1.000000000000000000e+03
1.000000000000000000e+03
1.000000000000000000e+03
1.000000000000000000e+03
1.000000000000000000e+03
1.000000000000000000e+03
1.000000000000000000e+03
1.000000000000000000e+03
1.000000000000000000e+03
1.000000000000000000e+03
1.000000000000000000e+03
1.000000000000000000e+03
1.000000000000000000e+03
1.000000000000000000e+03
1.000220149395007184e+03
1.000391071743831162e+03
1.000737581757287444e+03
1.001211944652240959e+03
1.002620050930143520e+03
1.005170969110419151e+03
1.008992812270958211e+03
1.014823535297543685e+03
1.020575921238880255e+03
1.030342685493109229e+03
1.038237166143398099e+03
1.050841818861890260e+03
1.062267182684772024e+03
1.074501150398049731e+03
1.085774772084456345e+03
1.098460556073461703e+03
1.109666512290217270e+03
1.121489249494369915e+03
1.131284842801391051e+03
1.143606699371018294e+03
1.153898924039535586e+03
1.163113910621875903e+03
1.172561526165127816e+03
1.182402948947789810e+03
1.194119243429516018e+03
1.205295508832601854e+03
1.217332249328037506e+03
1.229490445623315964e+03
1.242009237413024266e+03
1.253605644707919964e+03
1.264551532032094656e+03
1.276329479610976932e+03
1.286452757439461948e+03
1.298947959726878707e+03
1.308245373944982020e+03
1.321073419984476004e+03
1.332193898632655646e+03
1.343035479922058585e+03
1.354011912577954945e+03
1.365705718950939172e+03
1.376459364854120167e+03
1.387324369946791649e+03
1.398681939634867604e+03
1.408722324746367121e+03
1.419788409687268086e+03
1.429268148375898363e+03
1.439974129501031712e+03
1.451621965111667805e+03
1.461358234402940525e+03
1.471661644797655981e+03
1.483854641681900830e+03
1.495089775047203830e+03
1.507020360747349287e+03
1.517580872335481672e+03
1.528485259912234596e+03
1.540135769541816444e+03
1.552171556920551893e+03
1.564451383991058947e+03
1.575321592684629650e+03
1.585769322979464732e+03
1.597520229111067238e+03
1.608651096576505779e+03
1.620891972567987750e+03
1.630385551139356039e+03
1.639853883141172446e+03
1.650290558082492680e+03
1.661259326372261285e+03
1.672130435733439526e+03
1.681998802299778845e+03
1.692169776692182040e+03
1.703759059171440867e+03
1.716768296150907418e+03
1.726567182890232971e+03
1.738777890685973034e+03
1.751870492169660338e+03
1.762736915412271856e+03
1.778010862442906728e+03
1.790352527364809703e+03
1.802094297038329159e+03
1.814321601391611239e+03
1.825666362986790773e+03
1.838826924118816578e+03
1.851442625891811986e+03
1.863509989453501476e+03
1.875315877925929954e+03
1.887057267695317478e+03
1.901462861348240949e+03
1.914464648838510584e+03
1.927491847937078546e+03
1.936754447350371720e+03
1.951096743787040396e+03
1.967208706254370554e+03
1.989628789084784785e+03
2.031368575610909829e+03
2.099232954057856205e+03
2.225790655270095158e+03
2.547190526828836482e+03
