8.697640989217303513e+02
8.877713756000764533e+02
8.974844572285506956e+02
9.013375636777464024e+02
9.037637552098885863e+02
9.048364863872179740e+02
9.060409560969272889e+02
9.069988433491946580e+02
9.080828271496981188e+02
9.092776551465088914e+02
9.103492488662645883e+02
9.113953601151704333e+02
9.125309724740380943e+02
9.134854877480521509e+02
9.145221453456580321e+02
9.156773267502903764e+02
9.169226110649416341e+02
9.180065180117272803e+02
9.190869867929058046e+02
9.200439066759140587e+02
9.210178043663186145e+02
9.221379264260946229e+02
9.231874713791755767e+02
9.242473578243059364e+02
9.254209633967981290e+02
9.266225778090825997e+02
9.278728494315162152e+02
9.290272314467356409e+02
9.300793546639131364e+02
9.314406107561887893e+02
9.325825698050392702e+02
9.337877384508641398e+02
9.350445468608742203e+02
9.360345630573355038e+02
9.374680003329496003e+02
9.384350856481026995e+02
9.395399567849735831e+02
9.405512162049523113e+02
9.416434962148783825e+02
9.426670646405847265e+02
9.437564077167398864e+02
9.447978594072102396e+02
9.460166592328080242e+02
9.469615214156438014e+02
9.482570171544205095e+02
9.491983782969858794e+02
9.502267854622041341e+02
9.514108280022009012e+02
9.525077966170196078e+02
9.536223181907495245e+02
9.546854988240584134e+02
9.556776966022869146e+02
9.568052350634312688e+02
9.576701723000329594e+02
9.588136499980715826e+02
9.598305974969283625e+02
9.611747112533120116e+02
9.621755732081023780e+02
9.633164101203462906e+02
9.643659282490515352e+02
9.654320196903771603e+02
9.663878861066269792e+02
9.673795765208238890e+02
9.684070887387470066e+02
9.695785261417221363e+02
9.706347135847275922e+02
9.718024719867634076e+02
9.728373287329321784e+02
9.739998189008791769e+02
9.750809114900035866e+02
9.762219594628425057e+02
9.773021766189590380e+02
9.784526289147912621e+02
9.795481237665620711e+02
9.805684229004925783e+02
9.814923438663734032e+02
9.825635680434638743e+02
9.837279593269544193e+02
9.847721261298746640e+02
9.860022417416994358e+02
9.871099779802284502e+02
9.881796068486919467e+02
9.891445404633600447e+02
9.902306925214627427e+02
9.914269541186846482e+02
9.923987417763565873e+02
9.935173596611997482e+02
9.944973964274505533e+02
9.955594749395703502e+02
9.964691197264936591e+02
9.973253390582668771e+02
9.981340772679631073e+02
9.987517077715789355e+02
9.992226918498713530e+02
9.996087939038512786e+02
9.998956818529458133e+02
9.999763100500875908e+02
9.999879680543289169e+02
9.999984602707353361e+02
1.000000000000000000e+03
1.000000000000000000e+03
1.000000000000000000e+03
1.000000000000000000e+03
1.000000000000000000e+03
1.000000000000000000e+03
1.000000000000000000e+03
1.000000000000000000e+03
1.000000000000000000e+03
1.000000000000000000e+03
1.000000000000000000e+03
1.000000000000000000e+03
1.000000000000000000e+03
1.000000000000000000e+03
1.000000000000000000e+03
1.000000000000000000e+03
1.000000000000000000e+03
1.000000000000000000e+03
1.000000000000000000e+03
1.000000000000000000e+03
1.000000000000000000e+03
1.000000000000000000e+03
1.000000000000000000e+03
1.000000000000000000e+03
1.000000000000000000e+03
1.000000000000000000e+03
1.000000000000000000e+03
1.000000000000000000e+03
1.000000000000000000e+03
1.000000000000000000e+03
1.000000000000000000e+03
1.000000000000000000e+03
1.000000000000000000e+03
1.000000000000000000e+03
1.000000000000000000e+03
1.000000000000000000e+03
1.000000000000000000e+03
1.000000000000000000e+03
1.000000000000000000e+03
1.000000000000000000e+03
1.000000000000000000e+03
1.000000000000000000e+03
1.000000000000000000e+03
1.000000000000000000e+03
1.000000000000000000e+03
1.000000000000000000e+03
1.000000000000000000e+03
1.000000000000000000e+03
1.000000000000000000e+03
1.000000000000000000e+03
1.000000000000000000e+03
1.000000000000000000e+03
1.000000000000000000e+03
1.000000000000000000e+03
1.000000000000000000e+03
1.000000000000000000e+03
1.000000000000000000e+03
1.000000000000000000e+03
1.000000000000000000e+03
1.000000000000000000e+03
1.000000000000000000e+03
1.000000000000000000e+03
1.000000000000000000e+03
1.000000000000000000e+03
1.000000000000000000e+03
1.000000000000000000e+03
1.000000000000000000e+03
1.000000000000000000e+03
1.000000000000000000e+03
1.000000000000000000e+03
1.000000000000000000e+03
1.000000000000000000e+03
1.000000000000000000e+03
1.000000000000000000e+03
1.000000000000000000e+03
1.000000000000000000e+03
1.000000000000000000e+03
1.000000000000000000e+03
1.000000000000000000e+03
1.000000000000000000e+03
1.000000000000000000e+03
1.000000000000000000e+03
1.000000000000000000e+03
1.000000000000000000e+03
1.000000000000000000e+03
1.000000000000000000e+03
1.000000000000000000e+03
1.000000000000000000e+03
1.000000000000000000e+03
1.000000000000000000e+03
1.000000000000000000e+03
1.000000000000000000e+03
1.000000000000000000e+03
1.000000000000000000e+03
1.000000000000000000e+03
1.000000000000000000e+03
1.000000000000000000e+03
1.000000000000000000e+03
1.000000000000000000e+03
1.000000000000000000e+03
1.000000000000000000e+03
1.000000000000000000e+03
1.000000000000000000e+03
1.000000000000000000e+03
1.000000000000000000e+03
1.000000000000000000e+03
1.000000000000000000e+03
1.000000000000000000e+03
1.000000000000000000e+03
1.000000000000000000e+03
1.000000000000000000e+03
1.000000000000000000e+03
1.000000000000000000e+03
1.000000000000000000e+03
1.000000000000000000e+03
1.000000000000000000e+03
1.000000000000000000e+03
1.000000000000000000e+03
1.000000000000000000e+03
1.000000000000000000e+03
1.000000000000000000e+03
1.000000000000000000e+03
1.000000000000000000e+03
1.000000000000000000e+03
1.000000000000000000e+03
1.000000000000000000e+03
1.000000000000000000e+03
1.000000000000000000e+03
1.000000000000000000e+03
1.000000000000000000e+03
1.000000000000000000e+03
1.000000000000000000e+03
1.000000000000000000e+03
1.000000000000000000e+03
1.000000000000000000e+03
1.000000000000000000e+03
1.000000000000000000e+03
1.000000000000000000e+03
1.000000000000000000e+03
1.000000000000000000e+03
1.000000000000000000e+03
1.000000000000000000e+03
1.000000000000000000e+03
1.000000000000000000e+03
1.000000000000000000e+03
1.000000000000000000e+03
1.000000000000000000e+03
1.000000000000000000e+03
1.000000000000000000e+03
1.000000000000000000e+03
1.000000000000000000e+03
1.000000000000000000e+03
1.000000000000000000e+03
1.000000000000000000e+03
1.000000000000000000e+03
1.000000000000000000e+03
1.000000000000000000e+03
1.000000000000000000e+03
1.000000000000000000e+03
1.000000000000000000e+03
1.000000000000000000e+03
1.000000000000000000e+03
1.000000000000000000e+03
1.000000000000000000e+03
1.000000000000000000e+03
1.000000000000000000e+03
1.000000000000000000e+03
1.000000000000000000e+03
1.000000000000000000e+03
1.000000000000000000e+03
1.000000000000000000e+03
1.000000000000000000e+03
1.000000000000000000e+03
1.000000000000000000e+03
1.000000000000000000e+03
1.000000000000000000e+03
1.000000000000000000e+03
1.000000000000000000e+03
1.000000000000000000e+03
1.000000000000000000e+03
1.000000000000000000e+03
1.000000000000000000e+03
1.000000000000000000e+03
1.000000000000000000e+03
1.000000000000000000e+03
1.000000000000000000e+03
1.000000000000000000e+03
1.000000000000000000e+03
1.000000000000000000e+03
1.000000000000000000e+03
1.000000000000000000e+03
1.000000000000000000e+03
1.000000000000000000e+03
1.000000000000000000e+03
1.000000000000000000e+03
1.000000000000000000e+03
1.000000000000000000e+03
1.000000000000000000e+03
1.000000000000000000e+03
1.000000000000000000e+03
1.000000000000000000e+03
1.000000000000000000e+03
1.000000000000000000e+03
1.000000000000000000e+03
1.000000000000000000e+03
1.000000000000000000e+03
1.000000000000000000e+03
1.000000000000000000e+03
1.000000000000000000e+03
1.000000000000000000e+03
1.000000000000000000e+03
1.000000000000000000e+03
1.000000000000000000e+03
1.000000000000000000e+03
1.000000000000000000e+03
1.000000000000000000e+03
1.000000000000000000e+03
1.000000000000000000e+03
1.000000000000000000e+03
1.000000000000000000e+03
1.000000000000000000e+03
1.000000000000000000e+03
1.000000000000000000e+03
1.000000000000000000e+03
1.000000000000000000e+03
1.000000000000000000e+03
1.000000000000000000e+03
1.000000000000000000e+03
1.000000000000000000e+03
1.000000000000000000e+03
1.000000000000000000e+03
1.000000000000000000e+03
1.000000000000000000e+03
1.000000000000000000e+03
1.000000000000000000e+03
1.000000000000000000e+03
1.000000000000000000e+03
1.000000000000000000e+03
1.000000000000000000e+03
1.000000000000000000e+03
1.000000000000000000e+03
1.000000000000000000e+03
1.000000000000000000e+03
1.000000000000000000e+03
1.000000000000000000e+03
1.000000000000000000e+03
1.000000000000000000e+03
1.000000000000000000e+03
1.000000000000000000e+03
1.000000000000000000e+03
1.000000000000000000e+03
1.000000000000000000e+03
1.000000000000000000e+03
1.000000000000000000e+03
1.000000000000000000e+03
1.000000000000000000e+03
1.000000000000000000e+03
1.000000000000000000e+03
1.000000000000000000e+03
1.000000000000000000e+03
1.000000000000000000e+03
1.000000000000000000e+03
1.000000000000000000e+03
1.000000000000000000e+03
1.000000000000000000e+03
1.000000000000000000e+03
1.000000000000000000e+03
1.000000000000000000e+03
1.000000000000000000e+03
1.000000000000000000e+03
1.000000000000000000e+03
1.000000000000000000e+03
1.000000000000000000e+03
1.000000000000000000e+03
1.000000000000000000e+03
1.000000000000000000e+03
1.000000000000000000e+03
1.000000000000000000e+03
1.000000000000000000e+03
1.000000000000000000e+03
1.000000000000000000e+03
1.000000000000000000e+03
1.000000000000000000e+03
1.000000000000000000e+03
1.000000000000000000e+03
1.000000000000000000e+03
1.000000000000000000e+03
1.000000000000000000e+03
1.000000000000000000e+03
1.000000000000000000e+03
1.000000000000000000e+03
1.000000000000000000e+03
1.000000000000000000e+03
1.000000000000000000e+03
1.000000000000000000e+03
1.000000000000000000e+03
1.000000000000000000e+03
1.000000000000000000e+03
1.000000000000000000e+03
1.000000000000000000e+03
1.000000000000000000e+03
1.000000000000000000e+03
1.000000000000000000e+03
1.000000000000000000e+03
1.000012494944946638e+03
1.000085006600258794e+03
1.000259063563658515e+03
1.000505587364396206e+03
1.000842357716636457e+03
1.001398186535278114e+03
1.002202741647698076e+03
1.003034712999995008e+03
1.003997055169630016e+03
1.004887273623390456e+03
1.005864657785907070e+03
1.006812378464691278e+03
1.008024774037590987e+03
1.009126441311092776e+03
1.010264150440582171e+03
1.011415439250569079e+03
1.012490862898632486e+03
1.013593496033683891e+03
1.014849254375103442e+03
1.015911222974162342e+03
1.016896490229204119e+03
1.018021473392929465e+03
1.019066325636822285e+03
1.020222328962644724e+03
1.021145426125421977e+03
1.022177642352898715e+03
1.023410954858846253e+03
1.024575597971736670e+03
1.025720197480231036e+03
1.026779345093341590e+03
1.028061793649007541e+03
1.028970859527441007e+03
1.030145322240993210e+03
1.031255952337076678e+03
1.032396407282659993e+03
1.033416967431900275e+03
1.034215004598698897e+03
1.035347084978900284e+03
1.036383754624697531e+03
1.037489797538356243e+03
1.038465931145181912e+03
1.039625634661848835e+03
1.040670166198206744e+03
1.041877658616704366e+03
1.042852358298366653e+03
1.043891553547410695e+03
1.044991287475638728e+03
1.045971114687720046e+03
1.047244267396349642e+03
1.048256573964248673e+03
1.049356451757191962e+03
1.050703533878921235e+03
1.051706758577458686e+03
1.052907976678425712e+03
1.053980045219853764e+03
1.055134982649872654e+03
1.056225042142542179e+03
1.057309109120563335e+03
1.058491205949165987e+03
1.059519537288350421e+03
1.060704204641791421e+03
1.061844675498952483e+03
1.062905770104300700e+03
1.064031223625674556e+03
1.065294449906749151e+03
1.066494414959929600e+03
1.067500940872517504e+03
1.068599667552110759e+03
1.069980415984994579e+03
1.071128707564738761e+03
1.072283465810601911e+03
1.073473516449557792e+03
1.074547400871249692e+03
1.075625131898319296e+03
1.076763170078282201e+03
1.077691479646745847e+03
1.078706159196885437e+03
1.079868670945515305e+03
1.080900550494957997e+03
1.081995805596640139e+03
1.083081872066451069e+03
1.084309477677765926e+03
1.085588199443943950e+03
1.086718130308588115e+03
1.087662768795160446e+03
1.088698130224504666e+03
1.089866135805453041e+03
1.091048289848780769e+03
1.092135374715259331e+03
1.093438886384383977e+03
1.094512682709465025e+03
1.095733370608243831e+03
1.097236431276308622e+03
1.100033276295947644e+03
1.104866436170590760e+03
1.115215577068056291e+03
1.137973265661311643e+03
